-0.769657 -0.628713 -0.111123 1.05305 -1.54253 3.3607 -0.684345 -0.726525 -0.0619155 1.04343 -0.66267 3.24853
-0.761795 -0.638451 -0.109765 1.03365 -1.43711 3.38908 -0.719594 -0.691427 -0.0641287 1.05135 -1.49668 3.3496
-0.755978 -0.651 -0.0685241 1.08757 -1.16809 3.29726 -0.761855 -0.644188 -0.0678097 1.07593 -1.9843 3.3587
-0.780918 -0.622713 -0.0489438 1.11794 -1.2973 3.1463 -0.805517 -0.588034 -0.0731994 1.1116 -2.17624 3.28878
-0.796194 -0.60428 -0.0303226 1.19743 -1.46715 2.97657 -0.846286 -0.526611 -0.0805058 1.15279 -2.1232 3.15276
-0.805502 -0.592416 -0.014476 1.18533 -1.46589 2.79371 -0.88171 -0.463207 -0.0895906 1.19393 -1.87591 2.96357
-0.831964 -0.553512 -0.0382263 1.06179 -1.75647 2.54074 -0.910947 -0.400256 -0.0998538 1.22944 -1.48508 2.73413
-0.83486 -0.546214 -0.0682578 1.08077 -1.82991 2.48114 -0.9342 -0.339281 -0.110267 1.25375 -1.00142 2.47739
-0.818174 -0.573151 -0.0457127 1.29069 -1.64424 2.64414 0.952185 0.281192 0.119476 1.2613 -0.475644 2.20627
-0.817867 -0.573755 -0.0435825 1.35429 -1.64908 2.66761 0.965773 0.226762 0.125943 1.2465 0.0415336 1.9337
-0.812627 -0.581253 -0.0422239 1.33079 -1.48283 2.66176 0.9758 0.177182 0.128147 1.20383 0.499668 1.67256
0.781971 -0.622338 -0.0348935 1.50048 1.99623 1.08098 0.983149 0.133265 0.125131 1.13149 0.868635 1.43099
0.86398 -0.493745 0.098765 1.3656 2.80642 0.283919 0.988673 0.0943895 0.116692 1.03393 1.15248 1.20925
0.829938 -0.503407 0.240383 0.88696 2.43361 0.29911 0.992883 0.0602829 0.102713 0.916165 1.35852 1.00684
0.86941 -0.406587 0.280736 0.372937 2.05503 0.787466 0.996075 0.0312851 0.082801 0.783257 1.49407 0.82324
0.801777 -0.477225 0.359736 0.558951 2.142 0.408664 0.998403 0.00854275 0.0558458 0.640241 1.56644 0.657946
0.737466 -0.574466 0.35515 0.552353 1.68492 0.418137 0.9998 -0.00545359 0.0192661 0.492157 1.58296 0.510447
0.670574 -0.654444 0.349334 0.515149 1.40166 0.685006 0.999459 -0.00553711 -0.0324348 0.344048 1.55095 0.380236
0.522727 0.727514 -0.444387 -0.701736 1.81331 0.632449 0.993699 0.019279 -0.11041 0.200954 1.47771 0.266803
0.506128 0.751622 -0.422964 -0.673094 1.63675 0.683393 0.967603 0.0922013 -0.235038 0.0679168 1.37057 0.169641
0.506538 0.76798 -0.391952 -0.713753 1.59231 0.689711 0.869282 0.250599 -0.426086 -0.0502531 1.23687 0.0882345
0.198649 -0.964738 0.172682 1.31399 0.645284 -0.933057 0.609241 0.483442 -0.628577 -0.152099 1.08422 0.0220013
-0.30582 -0.951739 -0.0258212 1.4915 -0.252214 -0.847175 0.264123 0.659142 -0.70411 -0.238706 0.920482 -0.029695
0.139662 0.977707 -0.156791 -1.37514 0.659052 0.285838 0.0273421 0.737678 -0.674598 -0.311224 0.753506 -0.0674918
0.175321 0.975196 -0.135109 -1.67217 0.629694 0.264836 -0.0875815 0.77699 -0.623391 -0.3708 0.591143 -0.0920268
-0.662948 -0.718761 -0.209482 0.855438 -1.02619 0.138453 -0.129177 0.806825 -0.576495 -0.418582 0.441247 -0.103937
-0.673814 -0.669799 -0.312 0.671696 -0.826006 0.115821 -0.128911 0.834326 -0.535987 -0.455721 0.311671 -0.103861
0.291344 0.898923 -0.327194 -1.1443 0.823166 -0.0917782 -0.102614 0.859933 -0.499986 -0.483364 0.210267 -0.0924345
0.350961 0.8582 -0.374593 -1.10054 0.814321 -0.306791 -0.0579734 0.882424 -0.46687 -0.502659 0.144887 -0.0702964
0.38042 0.83427 -0.399091 -0.908115 0.797243 -0.249218 0.00159937 0.900111 -0.435658 -0.514756 0.123386 -0.0380837
-0.657905 -0.75139 0.0507341 0.812791 -0.385594 0.347925 0.0751893 0.911036 -0.405412 -0.520764 0.151445 0.00343072
0.447228 0.848655 -0.282438 -0.948908 0.877657 -0.340587 0.162402 0.913055 -0.374106 -0.521587 0.223331 0.0527616
0.286775 0.938246 -0.19353 -0.897494 0.772125 -0.0168452 0.261654 0.903401 -0.339711 -0.518062 0.329568 0.10819
0.312789 0.926623 -0.208644 -0.819891 0.82112 0.123592 0.369293 0.879256 -0.300884 -0.511026 0.460681 0.167998
0.347945 0.91193 -0.217528 -0.744106 0.785386 0.15173 0.479225 0.839082 -0.257458 -0.501317 0.607192 0.230465
0.428742 0.879814 -0.205202 -0.671241 0.890806 0.413585 0.583677 0.78413 -0.210857 -0.489771 0.759624 0.293874
0.523756 0.830378 -0.190134 -0.490047 0.881233 0.499682 0.675199 0.71917 -0.164013 -0.477225 0.908499 0.356506
0.68451 0.704067 -0.189039 -0.449999 0.950494 0.545961 0.748853 0.651666 -0.120626 -0.464517 1.04434 0.416641
0.855618 0.503388 -0.120491 -0.266466 0.896936 0.757568 0.803126 0.589826 -0.0842233 -0.452484 1.15767 0.472561
0.982746 0.184428 -0.0140393 -0.179887 1.07759 0.584429 0.839128 0.540876 -0.0576042 -0.441959 1.23905 0.522551
0.975963 0.217646 -0.0112559 -0.220149 1.28477 0.26291 0.860083 0.508446 -0.0417141 -0.433368 1.28345 0.565792
0.939493 0.342533 0.00496437 -0.301656 1.06389 0.705969 0.870672 0.490635 -0.0347609 -0.426246 1.29546 0.603391
0.963412 0.265887 0.033779 -0.292457 1.08117 0.697094 0.874057 0.48457 -0.0348678 -0.420015 1.28091 0.636705
0.858696 0.508922 -0.0603296 -0.420049 1.14909 0.495409 0.872252 0.487384 -0.0404077 -0.414097 1.24564 0.667091
0.734165 0.674363 -0.0789652 -0.545702 1.14985 0.516153 0.866726 0.496282 -0.0498903 -0.407912 1.19547 0.695908
0.782468 0.619565 -0.0623154 -0.48596 1.06075 0.709427 0.858822 0.508527 -0.0618533 -0.400882 1.13623 0.724513
0.719845 0.687872 -0.093036 -0.580456 1.09025 0.647864 0.850024 0.521408 -0.0747916 -0.392428 1.07375 0.754264
0.743353 0.65842 -0.117938 -0.493617 1.05639 0.716508 0.842097 0.532242 -0.0871289 -0.381971 1.01386 0.786518
0.776751 0.615227 -0.134736 -0.359436 0.999859 0.948363 0.83709 0.538358 -0.097219 -0.368934 0.962387 0.822633
0.871883 0.478727 -0.103156 -0.317099 1.02649 0.913525 0.837129 0.537141 -0.103414 -0.352767 0.924975 0.863903
0.894134 0.439416 -0.086245 -0.319986 1.05409 0.854243 0.84277 0.527896 -0.10519 -0.33359 0.903173 0.910244
0.904856 0.41878 -0.07654 -0.243143 0.953216 1.05373 0.852895 0.511791 -0.103154 -0.312157 0.894601 0.96025
0.910146 0.407161 -0.0765112 -0.235186 0.948948 1.06994 0.866166 0.490055 -0.0979926 -0.289253 0.89672 1.01246
0.908582 0.411215 -0.0733557 -0.232147 0.957096 1.14034 0.881218 0.463976 -0.0904432 -0.265659 0.906993 1.06542
0.908799 0.410755 -0.0732514 -0.229273 0.95984 1.18597 0.896783 0.434941 -0.0812861 -0.242158 0.92288 1.11766
0.910808 0.406373 -0.0727363 -0.225041 0.956964 1.21629 0.911782 0.404432 -0.0713345 -0.219533 0.941845 1.16773
0.914292 0.398779 -0.0710277 -0.219717 0.954123 1.23666 0.925393 0.374 -0.0614115 -0.198566 0.961347 1.21416
0.923048 0.379146 -0.0650465 -0.206747 0.952176 1.24851 0.93706 0.345227 -0.0523267 -0.18004 0.97885 1.25549
0.964093 0.264563 -0.0230626 -0.171677 0.946307 1.21751 0.946461 0.319685 -0.0448614 -0.164738 0.991814 1.29028
0.975167 0.221448 -0.00321825 -0.156389 0.948455 1.26017 0.953509 0.298743 -0.0396708 -0.153326 0.998049 1.31729
0.982713 0.185134 -0.000337852 -0.144774 0.952654 1.30579 0.958605 0.282363 -0.036712 -0.145659 0.997787 1.33707
0.964107 0.261289 -0.0471704 -0.143916 0.95355 1.32299 0.962218 0.269936 -0.0356554 -0.141249 0.992291 1.35086
0.951706 0.300416 -0.0632912 -0.141954 0.954336 1.33064 0.964692 0.260885 -0.0361756 -0.139603 0.98283 1.35995
0.94071 0.332143 -0.0688904 -0.141155 0.951668 1.34084 0.966289 0.254649 -0.0379449 -0.140233 0.97067 1.36559
0.930068 0.359794 -0.0743057 -0.141348 0.947458 1.34938 0.967219 0.250672 -0.0406258 -0.142646 0.95708 1.36906
0.921211 0.381282 -0.077419 -0.147006 0.941254 1.35686 0.96767 0.248376 -0.0438627 -0.146353 0.943327 1.37161
0.911002 0.403697 -0.0842842 -0.156336 0.937338 1.37119 0.967823 0.24715 -0.0472754 -0.150862 0.930679 1.37452
0.938274 0.341571 -0.0545027 -0.164022 0.938018 1.3987 0.967872 0.24633 -0.0504545 -0.155683 0.920403 1.37906
0.963669 0.264846 -0.0346332 -0.168756 0.93563 1.4118 0.968029 0.245184 -0.0529594 -0.160325 0.913766 1.38648
0.981097 0.191868 -0.0252055 -0.172364 0.933817 1.42084 0.968457 0.243151 -0.0544768 -0.164421 0.911548 1.39755
0.991721 0.12693 -0.0194319 -0.168621 0.934143 1.43016 0.96913 0.240308 -0.0551241 -0.167948 0.913168 1.41161
0.997214 0.0729774 -0.0154369 -0.160661 0.934652 1.44061 0.969976 0.23687 -0.0551197 -0.170942 0.917809 1.42778
0.998421 0.0525996 -0.0196955 -0.157477 0.936299 1.45671 0.970917 0.23308 -0.0547094 -0.17344 0.924655 1.44514
0.9949 0.0940871 -0.0363557 -0.159844 0.940946 1.47348 0.971869 0.229211 -0.0541643 -0.175479 0.932887 1.4628
0.984554 0.166918 -0.0528397 -0.168328 0.945351 1.48821 0.972743 0.225564 -0.053775 -0.177096 0.941689 1.47986
0.982227 0.176318 -0.0643517 -0.175144 0.948936 1.50439 0.973454 0.222461 -0.0538426 -0.178326 0.950244 1.49543
0.97573 0.207382 -0.0703146 -0.180505 0.950763 1.51094 0.973915 0.220231 -0.0546656 -0.179207 0.957735 1.5086
0.971221 0.22638 -0.0740441 -0.178008 0.95242 1.51592 0.974044 0.219189 -0.0565258 -0.179775 0.963346 1.51848
0.969845 0.23133 -0.0767234 -0.1789 0.954125 1.51982 0.973766 0.219593 -0.0596617 -0.180065 0.966276 1.5242
0.970274 0.229635 -0.0763965 -0.178928 0.954778 1.51825 0.973249 0.220674 -0.0639517 -0.18005 0.966315 1.52571
0.984047 0.169626 -0.0536546 -0.175531 0.959563 1.53657 0.972948 0.220509 -0.0688987 -0.179626 0.963968 1.524
0.977261 0.2038 -0.0585426 -0.176097 0.955224 1.52561 0.973308 0.217226 -0.0740535 -0.178688 0.959784 1.52011
0.965705 0.250313 -0.0689786 -0.179086 0.953611 1.52115 0.9747 0.209068 -0.079054 -0.177126 0.954312 1.5151
0.969501 0.233231 -0.0753104 -0.174286 0.940114 1.45932 0.977367 0.194327 -0.0836135 -0.174834 0.948102 1.50999
0.929983 0.349539 -0.113815 -0.193798 0.937857 1.46287 0.981339 0.171229 -0.0874915 -0.171704 0.941704 1.50585
0.915367 0.383946 -0.121194 -0.194932 0.933591 1.4585 0.986319 0.137815 -0.0904495 -0.16763 0.935665 1.5037
0.937272 0.331917 -0.106544 -0.187341 0.932609 1.47821 0.991497 0.091839 -0.0921946 -0.162502 0.930535 1.5046
0.949428 0.29772 -0.0997428 -0.18336 0.931771 1.49302 0.995255 0.0307572 -0.0923135 -0.156215 0.926865 1.50959
0.994931 -0.0399156 -0.0922952 -0.154318 0.951863 1.5692 0.994782 -0.0475579 -0.0902619 -0.148689 0.925138 1.51955
0.974125 -0.207556 -0.0894515 -0.140688 0.938183 1.59011 0.986444 -0.139823 -0.0858957 -0.140119 0.925242 1.53379
0.960738 -0.256845 -0.104943 -0.135875 0.925413 1.57711 0.967838 -0.238693 -0.0794734 -0.130851 0.926735 1.55076
0.774811 -0.631468 -0.030249 -0.0879836 0.933067 1.62791 0.939146 -0.335992 -0.0715153 -0.121229 0.929173 1.56892
0.709329 -0.70484 -0.00722028 -0.0680868 0.935218 1.64675 0.903327 -0.424334 -0.0627761 -0.1116 0.932112 1.5867
0.787592 -0.615658 -0.0257637 -0.0690763 0.92666 1.58912 0.865198 -0.498504 -0.0540966 -0.10231 0.935105 1.60256
0.815285 -0.578406 -0.0274928 -0.0646717 0.921999 1.54765 0.830057 -0.555758 -0.0462447 -0.0937052 0.937709 1.61494
0.842479 -0.538118 -0.0256542 -0.0635321 0.921689 1.54823 0.802681 -0.595077 -0.0398433 -0.0861308 0.939479 1.62229
0.786653 -0.61643 -0.0345056 -0.0685897 0.931334 1.60161 0.787018 -0.615914 -0.0353978 -0.0799332 0.939969 1.62305
0.738705 -0.673137 -0.0346609 -0.0698032 0.934223 1.63088 0.786358 -0.616868 -0.0333836 -0.0754583 0.938737 1.61566
0.721217 -0.691806 -0.0353637 -0.0734814 0.934555 1.64235 0.802412 -0.595792 -0.0341624 -0.0729488 0.935512 1.5993
0.966334 -0.239196 -0.094784 -0.119491 0.944862 1.57537 0.832225 -0.553166 -0.0375283 -0.0722701 0.930671 1.57572
0.89598 -0.441084 -0.0516305 -0.100073 0.933327 1.57867 0.871016 -0.489358 -0.0431281 -0.0732011 0.924738 1.5473
0.913764 -0.397923 -0.0818113 -0.0876318 0.91809 1.5396 0.912821 -0.405229 -0.0504671 -0.0755209 0.918235 1.51639
0.994493 -0.0383718 -0.0975293 -0.107855 0.916832 1.46143 0.950888 -0.303898 -0.0588099 -0.0790088 0.911686 1.48536
0.991053 0.10129 -0.0869194 -0.112662 0.912988 1.41996 0.979129 -0.191803 -0.0672154 -0.0834438 0.905613 1.45657
0.98627 0.14599 -0.0771949 -0.110813 0.907765 1.40428 0.994138 -0.0781361 -0.074733 -0.088605 0.900541 1.4324
0.987417 0.142298 -0.0689855 -0.106807 0.902969 1.40284 0.996367 0.027325 -0.080658 -0.0942715 0.896991 1.41519
0.989882 0.128896 -0.0593328 -0.101999 0.899518 1.40033 0.989574 0.116505 -0.0846748 -0.100222 0.895487 1.40732
0.990394 0.126437 -0.05598 -0.101036 0.89869 1.40094 0.979103 0.183902 -0.0868228 -0.106239 0.896545 1.41111
0.993553 0.101018 -0.0514496 -0.0995526 0.895815 1.39898 0.969453 0.229234 -0.0872482 -0.112197 0.900236 1.42692
0.972663 -0.155706 -0.172287 -0.0828833 0.901048 1.52915 0.96247 0.257425 -0.0859254 -0.118122 0.905942 1.45202
0.976547 0.0211677 -0.214261 -0.101613 0.90857 1.59322 0.958528 0.272731 -0.0827169 -0.124055 0.912987 1.48341
0.996225 0.0779965 -0.0381154 -0.108962 0.909209 1.51186 0.957233 0.278773 -0.0774047 -0.130032 0.920694 1.51811
0.988849 0.147446 -0.0208996 -0.121959 0.918256 1.50627 0.957722 0.279117 -0.0697243 -0.136093 0.928386 1.55313
0.948557 0.314312 -0.038047 -0.144351 0.930082 1.55275 0.958814 0.27775 -0.0594266 -0.142277 0.935386 1.58547
0.98371 0.178022 0.0249671 -0.128357 0.934203 1.56689 0.959085 0.279294 -0.0463748 -0.148622 0.941016 1.61216
0.999384 0.0240834 0.0255342 -0.130333 0.95321 1.66929 0.956898 0.2888 -0.0306704 -0.155166 0.944601 1.63018
0.956647 -0.288278 0.0415005 -0.1275 0.953914 1.71438 0.950354 0.310907 -0.0127909 -0.161949 0.945463 1.63656
0.802058 0.597175 -0.00923532 -0.202455 0.937368 1.55743 0.937435 0.348104 0.00626261 -0.168998 0.942988 1.62858
0.927877 0.367583 0.0626684 -0.163725 0.920903 1.54523 0.917841 0.396186 0.0245925 -0.176202 0.937366 1.60696
0.800157 0.599314 0.0238999 -0.208784 0.922514 1.49769 0.89318 0.44788 0.040421 -0.183351 0.929352 1.57488
0.717053 0.69697 0.00819255 -0.240677 0.926862 1.52863 0.865675 0.497806 0.0528678 -0.190235 0.919713 1.53554
0.682289 0.731082 -0.00085072 -0.251801 0.928048 1.54709 0.837452 0.543006 0.0618006 -0.196642 0.909214 1.49217
0.746409 0.665193 0.0198284 -0.226461 0.914729 1.48915 0.810059 0.582448 0.067516 -0.202362 0.898622 1.44796
0.811366 0.583919 0.0268968 -0.205246 0.904004 1.45894 0.784369 0.61628 0.0704504 -0.207182 0.888702 1.40613
0.826754 0.562559 -0.00241736 -0.204868 0.904827 1.47108 0.760698 0.645212 0.0709894 -0.210893 0.880222 1.3699
0.83357 0.546731 0.0790385 -0.188874 0.886935 1.38434 0.738985 0.670142 0.0693593 -0.213283 0.873947 1.34247
0.728348 0.680379 0.0812032 -0.198162 0.847296 1.27437 0.718938 0.691975 0.0655572 -0.214141 0.870644 1.32705
0.652081 0.755436 0.0640845 -0.224563 0.844628 1.25727 0.70015 0.711518 0.059424 -0.213316 0.870878 1.32606
0.622603 0.779574 0.0680445 -0.226419 0.852106 1.28952 0.682391 0.729193 0.0511891 -0.21095 0.874253 1.33796
0.609066 0.790475 0.0647048 -0.215549 0.882291 1.38405 0.665726 0.745063 0.041107 -0.207272 0.880083 1.36007
0.726207 0.680991 0.0942046 -0.180713 0.89909 1.41569 0.650494 0.758943 0.0293844 -0.20251 0.887684 1.38969
0.725034 0.683383 0.0855213 -0.172895 0.892177 1.41429 0.637329 0.77042 0.0162868 -0.196894 0.89637 1.42415
0.678221 0.7337 0.0412323 -0.173293 0.897035 1.44433 0.627227 0.778833 0.00223456 -0.190652 0.905456 1.46075
0.635481 0.771223 -0.0371439 -0.162337 0.907472 1.47195 0.621625 0.783221 -0.0120981 -0.184013 0.914258 1.4968
0.808885 0.58715 -0.0309894 -0.132579 0.918245 1.47254 0.622496 0.782201 -0.0256735 -0.177205 0.92209 1.5296
0.771885 0.635596 -0.0145291 -0.140288 0.928119 1.52837 0.632385 0.773772 -0.0369709 -0.170459 0.928267 1.55649
0.712697 0.700964 -0.0266815 -0.160127 0.937713 1.57254 0.654251 0.755003 -0.0438852 -0.164001 0.932106 1.57476
0.717259 0.695666 -0.0398661 -0.166053 0.9393 1.59207 0.689729 0.722691 -0.0446224 -0.157988 0.933299 1.58309
0.707042 0.705099 -0.0541036 -0.176 0.937787 1.59667 0.736951 0.674812 -0.0391379 -0.152434 0.932273 1.5828
0.712991 0.698042 -0.0661963 -0.177372 0.934631 1.58591 0.791851 0.610063 -0.0281866 -0.147335 0.929545 1.57554
0.726936 0.68297 -0.0715213 -0.174499 0.930034 1.57949 0.848516 0.529001 -0.0133668 -0.142688 0.92563 1.56294
0.631155 0.770941 -0.0854062 -0.18098 0.924404 1.58878 0.900323 0.435214 0.00285275 -0.138489 0.921043 1.54664
0.616632 0.784708 -0.0632376 -0.182272 0.915359 1.57297 0.94195 0.335296 0.0174882 -0.134735 0.916301 1.52828
0.824925 0.565229 -0.00378614 -0.155716 0.909138 1.54616 0.971064 0.237209 0.0276727 -0.131422 0.911919 1.50951
0.962564 0.26607 0.0517475 -0.135099 0.906239 1.52762 0.988496 0.148003 0.0311544 -0.128547 0.908412 1.49196
0.994587 0.0731664 0.0737845 -0.126055 0.907476 1.51293 0.997026 0.0724239 0.0263436 -0.126107 0.906297 1.47727
0.982566 -0.16443 0.0867536 -0.112305 0.909296 1.49324 0.999846 0.0127721 0.0120506 -0.124095 0.906066 1.46701
0.825851 -0.56028 0.0636875 -0.05667 0.930275 1.45802 0.999399 -0.0327982 -0.0112573 -0.122435 0.907776 1.46162
0.924498 -0.380888 0.0150723 -0.0882677 0.918295 1.40338 0.99678 -0.0684862 -0.0417148 -0.12099 0.911097 1.46045
0.964652 -0.263238 -0.0123291 -0.102052 0.910619 1.3813 0.992172 -0.09804 -0.0773509 -0.119624 0.915689 1.46285
0.997084 -0.0227717 -0.0728346 -0.116948 0.913959 1.39976 0.985381 -0.124857 -0.115912 -0.118196 0.921207 1.46817
0.945418 -0.309291 -0.102582 -0.0794243 0.917874 1.40956 0.976175 -0.152105 -0.154744 -0.116569 0.92731 1.47575
0.923478 -0.34207 -0.173716 -0.0878978 0.917816 1.4464 0.964475 -0.182705 -0.190808 -0.114604 0.933654 1.48492
0.912334 -0.333851 -0.237043 -0.10224 0.921452 1.49121 0.950368 -0.219162 -0.220837 -0.112164 0.939898 1.49504
0.92513 -0.0404658 -0.377487 -0.135979 0.925633 1.5171 0.933989 -0.263247 -0.241588 -0.109109 0.945698 1.50545
0.814459 0.338497 -0.47125 -0.167238 0.926774 1.53643 0.915316 -0.315586 -0.250204 -0.105302 0.950713 1.51547
0.857282 -0.250183 -0.449973 -0.127293 0.956208 1.59811 0.894194 -0.374558 -0.245199 -0.100661 0.954643 1.52453
0.816479 -0.530528 -0.227821 -0.0945462 0.974745 1.58457 0.871453 -0.433486 -0.229476 -0.0954649 0.957465 1.53242
0.817456 -0.554847 -0.15463 -0.0856825 0.982248 1.56356 0.848905 -0.486133 -0.207451 -0.0901343 0.959263 1.53907
0.823915 -0.552141 -0.12769 -0.078159 0.980383 1.5483 0.828634 -0.529072 -0.182889 -0.08509 0.960122 1.54444
0.85225 -0.5097 -0.117799 -0.0804656 0.97609 1.54394 0.812493 -0.561004 -0.15852 -0.0807524 0.960127 1.54848
0.845634 -0.526135 -0.0899161 -0.0714906 0.970974 1.54351 0.801899 -0.581758 -0.136071 -0.0775422 0.959362 1.55113
0.789193 -0.609181 -0.077933 -0.0720843 0.978086 1.61368 0.797904 -0.591413 -0.116534 -0.07588 0.957912 1.55235
0.841304 -0.530108 -0.105802 -0.0836443 0.963854 1.57521 0.801395 -0.589636 -0.100476 -0.0761864 0.955862 1.55207
0.865455 -0.488459 -0.111332 -0.0862902 0.94794 1.52632 0.813297 -0.575104 -0.0883341 -0.078882 0.953296 1.55025
0.891909 -0.436708 -0.117407 -0.0939609 0.939642 1.50791 0.834676 -0.544801 -0.0806698 -0.0843868 0.950299 1.54683
0.913936 -0.387951 -0.119224 -0.105193 0.934874 1.50745 0.865423 -0.49496 -0.0778353 -0.0928163 0.946968 1.54195
0.927883 -0.353254 -0.119351 -0.115071 0.931333 1.50663 0.901878 -0.424674 -0.0791686 -0.103507 0.943428 1.53628
0.940352 -0.320096 -0.115228 -0.120801 0.927936 1.50933 0.938773 -0.334135 -0.0840238 -0.115674 0.939811 1.53054
0.948254 -0.300336 -0.103021 -0.123356 0.923321 1.50765 0.969791 -0.226056 -0.0916707 -0.128529 0.936247 1.52545
0.949604 -0.298656 -0.0951672 -0.125568 0.922817 1.51578 0.989053 -0.107472 -0.101114 -0.141288 0.932867 1.52176
0.958799 -0.270082 -0.0880934 -0.131413 0.924301 1.52875 0.993748 0.01021 -0.111176 -0.153165 0.929802 1.52018
0.975249 -0.201238 -0.0916129 -0.141857 0.926686 1.55142 0.986157 0.113585 -0.120801 -0.163372 0.927183 1.52145
0.984184 -0.149472 -0.0950747 -0.149042 0.926909 1.56196 0.973178 0.190254 -0.129335 -0.171124 0.92514 1.5263
0.990907 -0.10059 -0.0893574 -0.153494 0.92686 1.56117 0.963699 0.229448 -0.136517 -0.175635 0.923805 1.53546
0.994884 -0.056943 -0.0834488 -0.155127 0.928217 1.55904 0.965259 0.219269 -0.142113 -0.176144 0.923303 1.54963
0.995055 -0.073656 -0.0666311 -0.151451 0.92744 1.54696 0.977692 0.151621 -0.14536 -0.172627 0.923605 1.56849
0.993924 -0.0897689 -0.0636967 -0.148484 0.928363 1.55187 0.989169 0.026394 -0.144389 -0.165886 0.924511 1.59063
0.977556 0.145524 -0.152338 -0.173845 0.938748 1.621 0.979663 -0.147059 -0.136507 -0.15677 0.925808 1.61453
0.908442 0.352774 -0.224238 -0.188453 0.939618 1.65487 0.93292 -0.339322 -0.120501 -0.146126 0.927288 1.63872
0.837161 0.481166 -0.260078 -0.195924 0.938898 1.67295 0.854091 -0.510619 -0.0989787 -0.134802 0.928739 1.6617
0.813443 0.513197 -0.27375 -0.198073 0.936923 1.67888 0.766834 -0.637248 -0.0766829 -0.123644 0.92995 1.68198
0.795489 0.544762 -0.265391 -0.200406 0.933608 1.67148 0.692948 -0.718741 -0.0568673 -0.113502 0.930711 1.69806
0.610972 -0.779628 -0.137456 -0.138996 0.919502 1.74542 0.643282 -0.764563 -0.040405 -0.105222 0.93081 1.70846
0.445776 -0.893682 0.0511467 -0.0554697 0.92076 1.69746 0.621596 -0.782877 -0.0268639 -0.0996513 0.930038 1.71167
0.454169 -0.88976 0.0453585 -0.0397177 0.915014 1.67839 0.629235 -0.777062 -0.0154527 -0.0975321 0.928214 1.70644
0.485437 -0.873329 0.0405872 -0.0376447 0.916818 1.6921 0.662156 -0.749347 -0.00527651 -0.0987019 0.925411 1.69337
0.563535 -0.825922 0.016782 -0.0465932 0.903988 1.6341 0.714342 -0.699784 0.00418762 -0.102543 0.921832 1.67403
0.520049 -0.853246 0.0389797 -0.0375047 0.902557 1.64414 0.779235 -0.626597 0.0129971 -0.108435 0.917679 1.64998
0.6228 -0.780337 0.0565196 -0.0762767 0.925018 1.65987 0.848251 -0.529183 0.020848 -0.115756 0.913157 1.62279
0.949345 -0.313701 0.0183217 -0.13938 0.927861 1.63393 0.911115 -0.411252 0.0272221 -0.123886 0.908468 1.59404
0.984506 0.174903 -0.0125032 -0.170194 0.915391 1.57021 0.958741 -0.282513 0.0316524 -0.132203 0.903815 1.56529
0.965601 0.26 0.00394446 -0.178452 0.909633 1.55049 0.987049 -0.156772 0.0340078 -0.140086 0.899402 1.53812
0.955246 0.295443 0.0147464 -0.183116 0.904936 1.53372 0.998281 -0.0473286 0.0345761 -0.146915 0.895432 1.51409
0.953032 0.30191 0.0240809 -0.183128 0.899234 1.51716 0.998764 0.0363708 0.0338852 -0.152068 0.892108 1.49477
0.953938 0.298905 0.0256553 -0.175192 0.889726 1.47744 0.99533 0.0909204 0.0324334 -0.155115 0.889583 1.48126
0.9746 0.222246 0.0275876 -0.161023 0.882469 1.45341 0.992105 0.121644 0.0305099 -0.156267 0.887847 1.47308
0.988922 0.145781 0.0279459 -0.150387 0.878204 1.4386 0.99057 0.134076 0.0282048 -0.155866 0.886853 1.46942
0.996754 0.0768819 0.0238971 -0.142714 0.876443 1.4378 0.990854 0.132511 0.0254963 -0.154255 0.886555 1.46948
0.999574 0.0221799 0.0189834 -0.136784 0.874949 1.439 0.992442 0.120669 0.0223139 -0.151775 0.886907 1.47244
0.99933 -0.0348916 0.0110834 -0.133108 0.876224 1.44528 0.994578 0.102315 0.0185878 -0.148769 0.887863 1.47751
0.996674 -0.0814474 -0.0025535 -0.130344 0.880233 1.46044 0.99655 0.0817504 0.0142966 -0.145581 0.889377 1.48387
0.999792 0.00355871 -0.0200917 -0.142921 0.899562 1.54176 0.997899 0.0640902 0.009513 -0.142553 0.891403 1.49071
0.999563 -0.0279495 0.00963833 -0.134515 0.898243 1.53323 0.998462 0.0552595 0.00444504 -0.140027 0.893896 1.49723
0.999817 -0.0147423 0.0122202 -0.131956 0.898349 1.51981 0.998103 0.0615671 -0.000542261 -0.138341 0.896808 1.50264
0.996698 -0.0807323 0.0086292 -0.129724 0.905304 1.53642 0.996315 0.0856158 -0.00519787 -0.137631 0.900078 1.50659
0.991796 -0.127831 -0.000894131 -0.128864 0.915309 1.56426 0.992207 0.12423 -0.00958669 -0.137743 0.903621 1.50943
0.956756 0.288413 -0.0379052 -0.155897 0.923553 1.54413 0.984789 0.173207 -0.0137682 -0.138498 0.907353 1.51155
0.954583 0.297383 -0.0182951 -0.149675 0.919605 1.49083 0.973447 0.228222 -0.0177707 -0.139719 0.911187 1.51333
0.921788 0.387691 -0.00173922 -0.151798 0.923295 1.49076 0.958179 0.285354 -0.0216097 -0.141229 0.915038 1.51518
0.925707 0.378149 0.00836814 -0.144123 0.929448 1.50933 0.939548 0.34148 -0.0253143 -0.142851 0.918819 1.51746
0.84095 0.541109 0.00207601 -0.15804 0.90667 1.46463 0.918462 0.394448 -0.0289537 -0.144407 0.922445 1.52059
0.80066 0.599068 -0.00780133 -0.165426 0.893251 1.44653 0.895915 0.443022 -0.032665 -0.14572 0.925831 1.52493
0.780856 0.62443 -0.0187535 -0.167593 0.889877 1.44357 0.872797 0.486703 -0.0366893 -0.146612 0.92889 1.5309
0.865482 0.499875 -0.0326401 -0.152835 0.920032 1.51911 0.849767 0.525531 -0.0413979 -0.14692 0.93154 1.53881
0.89259 0.441142 -0.0931507 -0.135552 0.937454 1.55675 0.827106 0.560076 -0.0470137 -0.146636 0.933744 1.5484
0.810647 0.571513 -0.127376 -0.133888 0.954673 1.62626 0.805086 0.590726 -0.0536538 -0.145853 0.935492 1.559
0.768093 0.621592 -0.153803 -0.130412 0.963113 1.66726 0.784267 0.617371 -0.0614717 -0.144665 0.936775 1.56994
0.791502 0.584514 -0.178516 -0.123974 0.967116 1.69587 0.765584 0.63945 -0.0706031 -0.143166 0.937584 1.58054
0.599025 0.787513 -0.14489 -0.152399 0.93936 1.62095 0.750437 0.655947 -0.0811062 -0.141453 0.937909 1.59013
0.744884 0.659403 -0.101663 -0.13585 0.926191 1.56674 0.74072 0.66536 -0.0928932 -0.139618 0.937743 1.59804
0.989888 -0.138878 0.0289034 -0.090833 0.950903 1.62242 0.73876 0.665637 -0.105646 -0.137758 0.937076 1.60359
0.974713 0.220282 -0.0375564 -0.105964 0.93429 1.57376 0.747008 0.65413 -0.118716 -0.135965 0.935898 1.60611
0.950251 0.305866 -0.0589049 -0.110605 0.92522 1.54352 0.76735 0.627701 -0.131019 -0.134336 0.934201 1.60492
0.805929 0.581154 -0.112865 -0.138662 0.924194 1.56248 0.799458 0.583913 -0.141114 -0.132952 0.931998 1.59957
0.735936 0.663274 -0.135887 -0.151281 0.92336 1.56904 0.83858 0.524331 -0.147853 -0.131845 0.9294 1.59058
0.721351 0.677229 -0.14496 -0.157071 0.921867 1.56765 0.878557 0.453271 -0.150609 -0.131032 0.926545 1.57874
0.748411 0.64697 -0.14598 -0.157989 0.919979 1.56033 0.914251 0.376599 -0.149395 -0.130531 0.923569 1.56482
0.779909 0.608803 -0.145261 -0.15662 0.919295 1.55527 0.942759 0.30039 -0.144813 -0.130357 0.92061 1.54961
0.802467 0.57869 -0.145481 -0.156925 0.918374 1.55064 0.963501 0.229529 -0.137774 -0.130528 0.917806 1.53389
0.92222 0.357554 -0.14719 -0.145375 0.910337 1.49462 0.977451 0.167051 -0.129167 -0.131061 0.915295 1.51844
0.896599 0.416419 -0.150684 -0.149824 0.909664 1.50833 0.986215 0.114289 -0.119657 -0.131974 0.913212 1.50405
0.873658 0.461809 -0.153151 -0.153333 0.907923 1.51366 0.991405 0.0714373 -0.109605 -0.133282 0.911698 1.4915
0.960545 0.257346 -0.105482 -0.15067 0.899989 1.4738 0.994346 0.038149 -0.0990961 -0.135003 0.910887 1.48157
0.963236 -0.260399 -0.0660918 -0.117402 0.919246 1.49807 0.996018 0.0131832 -0.0881714 -0.13709 0.910862 1.47474
0.885799 -0.461977 -0.0440293 -0.100139 0.930147 1.5045 0.997006 -0.00577191 -0.0771082 -0.13938 0.911607 1.47093
0.855333 -0.517055 -0.0325465 -0.0931991 0.934567 1.50192 0.997593 -0.0206398 -0.0661981 -0.141697 0.913093 1.47
0.842412 -0.538472 -0.0197446 -0.0889071 0.937906 1.50734 0.997898 -0.0330167 -0.0557544 -0.143866 0.915292 1.47181
0.905123 -0.42499 -0.0116677 -0.104314 0.923968 1.47158 0.99795 -0.0443415 -0.0461451 -0.145714 0.918176 1.47623
0.974535 -0.223598 -0.0168854 -0.130383 0.917258 1.45593 0.997713 -0.0560164 -0.0378207 -0.147064 0.921717 1.48312
0.972944 0.228488 -0.0342417 -0.170105 0.900499 1.43734 0.99709 -0.0694917 -0.031342 -0.147741 0.925888 1.49235
0.891853 0.450507 -0.0405077 -0.191562 0.890397 1.41534 0.995891 -0.0863175 -0.027406 -0.147571 0.93066 1.50377
0.920198 0.384727 -0.0722532 -0.187895 0.923156 1.49141 0.993771 -0.108154 -0.0268669 -0.146378 0.936006 1.51726
0.965193 0.250435 -0.075402 -0.174949 0.941174 1.54107 0.990141 -0.136667 -0.030691 -0.144 0.941892 1.53266
0.997367 0.0359435 -0.0629862 -0.157734 0.951441 1.55859 0.984218 -0.172579 -0.039124 -0.140476 0.948204 1.54969
0.995203 -0.0764838 -0.0609988 -0.147277 0.959308 1.57468 0.97511 -0.215624 -0.0516399 -0.136012 0.95476 1.56791
0.996519 -0.032852 -0.076624 -0.150622 0.968166 1.59197 0.961866 -0.265071 -0.0674673 -0.130819 0.961378 1.58692
0.770952 -0.636813 -0.0100955 -0.0955656 0.974989 1.64738 0.943663 -0.319655 -0.0855603 -0.125107 0.967873 1.6063
0.811727 -0.574287 -0.106271 -0.0974301 0.988978 1.70842 0.920054 -0.377567 -0.104608 -0.119087 0.974061 1.62562
0.686314 -0.72456 -0.0631369 -0.0496959 1.00299 1.69881 0.891185 -0.43661 -0.123127 -0.11297 0.97976 1.64446
0.862311 -0.483704 -0.149834 -0.0953313 0.991183 1.66554 0.857907 -0.49447 -0.139623 -0.106966 0.984786 1.66241
0.818933 -0.558202 -0.133266 -0.082107 1.00683 1.68111 0.821702 -0.549056 -0.152784 -0.101286 0.988955 1.67904
0.947161 -0.262873 -0.183806 -0.137391 0.994648 1.68953 0.784439 -0.598774 -0.161632 -0.0961412 0.992084 1.69394
0.934555 0.217858 -0.281325 -0.168183 0.978175 1.61203 0.748199 -0.642433 -0.165764 -0.0917306 0.994015 1.70669
0.892385 0.0422283 -0.449295 -0.157983 0.966422 1.66101 0.715598 -0.678486 -0.166061 -0.088191 0.99474 1.71696
0.375136 -0.926184 -0.0381547 -0.0215687 0.98258 1.76329 0.688886 -0.706123 -0.163785 -0.0856363 0.994303 1.72445
0.396582 -0.917744 -0.0216563 0.00145843 0.980864 1.74888 0.669616 -0.725267 -0.16001 -0.0841804 0.992751 1.72885
0.424389 -0.904246 -0.04726 -0.0429841 0.996347 1.77179 0.658832 -0.736034 -0.155545 -0.0839373 0.990128 1.72985
0.575789 -0.803623 -0.150525 -0.0940488 0.999728 1.75527 0.657339 -0.738324 -0.150939 -0.0850209 0.98648 1.72714
0.795278 -0.550304 -0.254359 -0.120782 0.987722 1.72494 0.665938 -0.731476 -0.146526 -0.0875449 0.981852 1.72042
0.943071 -0.230756 -0.239519 -0.132426 0.959374 1.62226 0.6856 -0.7139 -0.142474 -0.0916234 0.976288 1.70938
0.960453 -0.170132 -0.220419 -0.12744 0.957141 1.57967 0.717517 -0.68257 -0.138808 -0.0973703 0.969835 1.69372
0.977269 -0.0287358 -0.210045 -0.134744 0.947761 1.55242 0.762853 -0.632237 -0.135396 -0.104899 0.962537 1.67312
0.908818 -0.384201 -0.162605 -0.12553 0.951792 1.62648 0.820478 -0.556306 -0.131681 -0.114135 0.954485 1.64772
0.673367 -0.73697 -0.0587555 -0.100339 0.956243 1.6879 0.883463 -0.45111 -0.126463 -0.124564 0.945872 1.61863
0.580634 -0.814138 -0.00652712 -0.0834466 0.95101 1.69822 0.940976 -0.31702 -0.118585 -0.135609 0.936908 1.58712
0.627818 -0.77836 -0.000240977 -0.0855951 0.945224 1.67881 0.980936 -0.161886 -0.107504 -0.146694 0.927801 1.55447
0.954434 -0.2806 -0.101581 -0.142511 0.927063 1.59767 0.995592 -0.00137838 -0.0937831 -0.15724 0.918761 1.52195
0.903604 0.412913 -0.114028 -0.19877 0.913236 1.48869 0.986007 0.146817 -0.0789589 -0.166671 0.909997 1.49081
0.913886 0.389772 -0.113537 -0.196659 0.919287 1.49862 0.960574 0.270382 -0.0647408 -0.17441 0.901718 1.46235
0.886162 0.458379 -0.0678676 -0.200605 0.89855 1.41448 0.929613 0.364807 -0.0522964 -0.17988 0.894132 1.43781
0.856307 0.514914 -0.0400325 -0.203926 0.889945 1.41588 0.901446 0.430839 -0.0421114 -0.182503 0.88745 1.41848
0.886553 0.462613 -0.00367813 -0.186636 0.880567 1.39071 0.881494 0.470954 -0.0342081 -0.181726 0.881874 1.40558
0.862075 0.506303 -0.0220278 -0.175502 0.866108 1.33495 0.871434 0.489698 -0.0282494 -0.1776 0.877471 1.39936
0.876863 0.480087 -0.0250428 -0.167932 0.86023 1.33388 0.870144 0.492223 -0.0237682 -0.170798 0.874164 1.39905
0.87881 0.477138 -0.00571188 -0.153498 0.859722 1.36254 0.876117 0.481665 -0.0204134 -0.162027 0.871871 1.40383
0.887254 0.461223 -0.00727585 -0.141152 0.865101 1.39752 0.887757 0.459963 -0.0179357 -0.15199 0.870508 1.41288
0.886337 0.462915 -0.010769 -0.138818 0.869121 1.43456 0.903378 0.428541 -0.0161608 -0.141393 0.869991 1.42537
0.881324 0.470136 -0.0473263 -0.130694 0.863065 1.44893 0.921183 0.388841 -0.0149689 -0.13094 0.870239 1.44049
0.90066 0.428811 -0.0702332 -0.122644 0.867957 1.47421 0.939314 0.342762 -0.0142763 -0.121336 0.871168 1.45743
0.954795 0.295007 -0.0365778 -0.105953 0.872033 1.49682 0.956005 0.293015 -0.0140192 -0.113285 0.872694 1.47534
0.985675 0.168375 -0.00974999 -0.0996098 0.873242 1.49584 0.969848 0.2433 -0.0141356 -0.107492 0.874735 1.49343
0.995376 0.0958204 -0.00673676 -0.102055 0.874646 1.49391 0.980112 0.19791 -0.0145564 -0.104572 0.877208 1.51092
0.998259 0.0586586 -0.00619444 -0.106079 0.876588 1.49797 0.98719 0.158815 -0.0152761 -0.104436 0.880025 1.52747
0.99868 0.0513094 -0.00256778 -0.106683 0.879421 1.51084 0.991823 0.126572 -0.0163124 -0.106674 0.883101 1.54293
0.999045 0.0434181 -0.00489369 -0.108402 0.884136 1.5212 0.994674 0.101542 -0.0176736 -0.110873 0.886347 1.55717
0.980444 0.190327 -0.0500476 -0.125559 0.902315 1.59482 0.996282 0.0839492 -0.0193656 -0.116618 0.889676 1.57003
0.992934 0.118655 -0.00180581 -0.135928 0.910835 1.64194 0.997035 0.0739107 -0.0213977 -0.123498 0.893003 1.58137
0.997707 0.0559532 0.0380668 -0.141522 0.915479 1.66207 0.99716 0.0714633 -0.0237853 -0.131099 0.896238 1.59105
0.998186 -0.00754769 0.0597338 -0.146381 0.922653 1.6888 0.996711 0.0765641 -0.0265499 -0.139007 0.899295 1.59892
0.998777 0.0118472 0.0480042 -0.151563 0.920349 1.67583 0.995582 0.0890748 -0.0297156 -0.146809 0.902087 1.60484
0.960745 0.2723 -0.0531139 -0.158073 0.913767 1.64248 0.993513 0.108729 -0.0333021 -0.154093 0.904526 1.60867
0.933999 0.347854 -0.0815001 -0.160154 0.906071 1.61515 0.990148 0.134953 -0.0373326 -0.160544 0.906553 1.61035
0.97949 0.196043 -0.0465378 -0.159528 0.886497 1.53397 0.985142 0.166559 -0.0418636 -0.16615 0.908193 1.61016
0.985107 0.163531 -0.053114 -0.162471 0.882844 1.51334 0.978244 0.202078 -0.0469446 -0.170957 0.909485 1.6084
0.977689 0.195767 -0.0761531 -0.169427 0.885929 1.51489 0.969373 0.239891 -0.0526141 -0.175012 0.910471 1.6054
0.968636 0.228579 -0.09745 -0.173269 0.891806 1.5254 0.958679 0.278325 -0.0589065 -0.17836 0.911191 1.60147
0.973408 0.207268 -0.0975508 -0.170891 0.892806 1.52761 0.946547 0.31577 -0.0658582 -0.181046 0.911684 1.59694
0.98225 0.163466 -0.0920024 -0.167732 0.910844 1.60663 0.933567 0.350783 -0.0735109 -0.183117 0.911993 1.59212
0.987036 0.128549 -0.0960993 -0.167416 0.9073 1.58825 0.920458 0.382161 -0.0819129 -0.184619 0.912157 1.58734
0.984736 0.145283 -0.0958519 -0.169036 0.921667 1.65927 0.907986 0.408974 -0.091117 -0.185596 0.912216 1.58291
0.827926 0.552599 -0.0957761 -0.198125 0.912946 1.59599 0.896878 0.430551 -0.101168 -0.186096 0.912211 1.57914
0.784528 0.612996 -0.0935505 -0.204437 0.911655 1.57539 0.887598 0.446819 -0.111905 -0.186167 0.912166 1.57619
0.648926 0.751895 -0.116398 -0.2141 0.93485 1.6331 0.880249 0.458311 -0.122934 -0.18586 0.912084 1.57399
0.569026 0.812034 -0.129653 -0.221259 0.941587 1.6592 0.874811 0.46559 -0.133909 -0.18523 0.911966 1.57248
0.717917 0.684586 -0.126239 -0.211929 0.934589 1.61076 0.871199 0.469166 -0.144556 -0.184328 0.911813 1.57156
0.922431 0.362035 -0.134357 -0.182753 0.927317 1.58991 0.869293 0.469479 -0.154658 -0.183207 0.911627 1.57118
0.988917 0.102176 -0.107714 -0.162523 0.910509 1.54434 0.868966 0.466888 -0.164053 -0.181919 0.911409 1.57124
0.995095 0.0171804 -0.0974209 -0.154701 0.899859 1.52633 0.870098 0.461665 -0.172613 -0.180518 0.911162 1.57168
0.988534 0.0771725 -0.129786 -0.146127 0.88855 1.49943 0.872586 0.453994 -0.180233 -0.179057 0.910885 1.57241
0.949748 0.254243 -0.18259 -0.159312 0.894229 1.53798 0.876354 0.443963 -0.186817 -0.177586 0.910581 1.57336
0.899118 0.383206 -0.211519 -0.168871 0.900807 1.57158 0.881325 0.431624 -0.192269 -0.17616 0.910253 1.57447
0.865227 0.439519 -0.241257 -0.171392 0.911874 1.60271 0.88711 0.417605 -0.196578 -0.174831 0.909919 1.5758
0.849292 0.463163 -0.253344 -0.173427 0.917202 1.62398 0.893161 0.402932 -0.199772 -0.173649 0.909608 1.57751
0.827718 0.506916 -0.240664 -0.180248 0.920744 1.63704 0.898974 0.388713 -0.201861 -0.172666 0.909348 1.57973
0.846774 0.489666 -0.207846 -0.182524 0.904495 1.57343 0.904069 0.376174 -0.202859 -0.171935 0.909167 1.58263
0.82043 0.536317 -0.198136 -0.187012 0.900046 1.55098 0.90797 0.366698 -0.202786 -0.171506 0.909095 1.58634
0.784592 0.586553 -0.200923 -0.190111 0.902084 1.55533 0.910161 0.361849 -0.201675 -0.171432 0.90916 1.59103
0.786069 0.589809 -0.184989 -0.197531 0.910476 1.58511 0.910016 0.363388 -0.199552 -0.171763 0.90939 1.59682
0.780589 0.598026 -0.181786 -0.191247 0.90628 1.56924 0.906696 0.373262 -0.196413 -0.172552 0.909813 1.60388
0.797414 0.584655 -0.149365 -0.195836 0.9079 1.5678 0.898992 0.393547 -0.192181 -0.173851 0.910459 1.61236
0.902053 0.395258 -0.173408 -0.177814 0.914645 1.60591 0.885477 0.42555 -0.186651 -0.175677 0.911329 1.62227
0.97513 0.152923 -0.160426 -0.161459 0.914239 1.62578 0.865688 0.467296 -0.179495 -0.177921 0.912323 1.63311
0.968445 -0.211857 -0.131268 -0.146136 0.921017 1.69916 0.839798 0.515462 -0.170406 -0.18044 0.913315 1.64427
0.920951 -0.378859 -0.0911899 -0.141319 0.919945 1.72254 0.80873 0.566216 -0.159232 -0.183089 0.914178 1.65512
0.970433 -0.211282 -0.116701 -0.147966 0.916802 1.71926 0.774406 0.615599 -0.146062 -0.185726 0.914785 1.66504
0.98072 -0.174819 -0.0873347 -0.151746 0.920893 1.73689 0.739689 0.660028 -0.131238 -0.188208 0.915011 1.6734
0.716376 0.687174 -0.120817 -0.199584 0.913714 1.63882 0.708043 0.696696 -0.115282 -0.19039 0.914727 1.67958
0.604255 0.791441 -0.0921775 -0.216232 0.920824 1.67095 0.683048 0.723665 -0.0987671 -0.192131 0.913809 1.68295
0.448808 0.88721 -0.106909 -0.240426 0.918532 1.68161 0.667982 0.739624 -0.0821978 -0.193287 0.912129 1.68289
0.557446 0.826717 -0.0761126 -0.21338 0.905545 1.66597 0.665542 0.743442 -0.0659327 -0.193715 0.909563 1.67879
0.596836 0.800949 -0.0476193 -0.207757 0.890129 1.62069 0.675583 0.735557 -0.050436 -0.193373 0.906099 1.67061
0.595996 0.801895 -0.0418786 -0.206033 0.89188 1.61257 0.693861 0.719182 -0.0365382 -0.192383 0.901918 1.65931
0.598114 0.799979 -0.0478928 -0.201455 0.893233 1.62561 0.715785 0.69787 -0.0250609 -0.190881 0.897218 1.64594
0.608085 0.791761 -0.0578594 -0.195171 0.897191 1.65743 0.737148 0.675525 -0.0167115 -0.189007 0.892199 1.63156
0.919151 0.393075 -0.0255663 -0.162792 0.880865 1.59418 0.754409 0.656295 -0.0120064 -0.186899 0.887059 1.61722
0.959429 0.281887 -0.00594083 -0.152796 0.884509 1.62907 0.764794 0.644176 -0.011233 -0.184694 0.881997 1.60396
0.827602 0.561294 -0.0049843 -0.166069 0.87571 1.60509 0.766132 0.642521 -0.0144684 -0.18253 0.877212 1.59284
0.761299 0.648369 -0.00650628 -0.172431 0.868369 1.58716 0.756547 0.653581 -0.0216314 -0.180545 0.872903 1.58491
0.758938 0.651155 -0.00320157 -0.172985 0.854411 1.55344 0.734216 0.678137 -0.0325237 -0.178878 0.869269 1.58122
0.659848 0.749983 -0.0461047 -0.182041 0.884991 1.60462 0.697633 0.714928 -0.0467546 -0.177655 0.866493 1.58275
0.58164 0.803599 -0.12619 -0.178584 0.919805 1.70678 0.649386 0.757859 -0.0628275 -0.176833 0.864543 1.58944
0.506083 0.856626 -0.100365 -0.188114 0.881816 1.63781 0.595063 0.799794 -0.0789265 -0.176243 0.86322 1.60047
0.455639 0.883471 -0.108957 -0.190397 0.863424 1.62757 0.539877 0.836488 -0.0939163 -0.175713 0.862324 1.61496
0.444791 0.889115 -0.107863 -0.18213 0.845493 1.58852 0.487984 0.866237 -0.107262 -0.175069 0.861652 1.63206
0.4676 0.878423 -0.0986096 -0.17574 0.835627 1.59592 0.442271 0.888973 -0.118839 -0.174139 0.861003 1.65092
0.474619 0.875013 -0.0953399 -0.172107 0.831655 1.60907 0.404552 0.905408 -0.12874 -0.172749 0.860175 1.67067
0.467246 0.87963 -0.0890685 -0.171439 0.825792 1.61376 0.375975 0.916427 -0.137128 -0.170728 0.858967 1.69046
0.454106 0.887229 -0.0813221 -0.167495 0.809959 1.60723 0.357457 0.922739 -0.144143 -0.167902 0.857176 1.70943
0.396956 0.908462 -0.130856 -0.172419 0.851229 1.72322 0.350106 0.924646 -0.149849 -0.164098 0.854601 1.72671
0.361564 0.917411 -0.16622 -0.168544 0.875881 1.79848 0.355061 0.92203 -0.15425 -0.159211 0.851095 1.74157
0.279096 0.938505 -0.203258 -0.170881 0.890635 1.85088 0.371305 0.91505 -0.157529 -0.153487 0.846789 1.75382
0.260655 0.938923 -0.224684 -0.142607 0.890089 1.87465 0.397475 0.903601 -0.159749 -0.147286 0.841911 1.76348
0.274976 0.934458 -0.226224 -0.121651 0.886954 1.88029 0.432342 0.88726 -0.160776 -0.14097 0.836686 1.77056
0.403873 0.891359 -0.205827 -0.118968 0.859205 1.82969 0.474332 0.865626 -0.160315 -0.1349 0.83134 1.77506
0.599893 0.787423 -0.141751 -0.113859 0.816588 1.75336 0.521088 0.838756 -0.157976 -0.129438 0.826098 1.777
0.681514 0.725662 -0.0946223 -0.112127 0.792553 1.7065 0.5692 0.807761 -0.153405 -0.124944 0.821187 1.77639
0.863458 0.499804 -0.0680874 -0.118455 0.747734 1.62467 0.6143 0.775358 -0.146477 -0.121781 0.816832 1.77324
0.772187 0.630126 -0.0816634 -0.11842 0.766253 1.69035 0.651599 0.746001 -0.137483 -0.120309 0.81326 1.76756
0.665565 0.737821 -0.112441 -0.120007 0.797006 1.72973 0.676676 0.725209 -0.127205 -0.120888 0.810695 1.75937
0.547145 0.831602 -0.0952406 -0.111056 0.794167 1.68404 0.687599 0.716649 -0.116717 -0.123654 0.809284 1.74899
0.540364 0.834936 -0.104349 -0.126824 0.816143 1.72859 0.686586 0.719155 -0.106847 -0.128257 0.809003 1.73743
0.55936 0.820302 -0.119256 -0.149441 0.834851 1.76451 0.676394 0.729988 -0.0980297 -0.134285 0.809806 1.72579
0.586288 0.799921 -0.128033 -0.16611 0.843908 1.80434 0.659448 0.746306 -0.0903036 -0.141326 0.811648 1.71518
0.649915 0.753437 -0.0997187 -0.17301 0.839809 1.77909 0.637696 0.765763 -0.0833736 -0.148966 0.814482 1.70668
0.693644 0.715809 -0.0804665 -0.180099 0.837784 1.76488 0.612564 0.786693 -0.0766793 -0.156794 0.818262 1.7014
0.722297 0.689968 -0.0472338 -0.174652 0.836253 1.76574 0.584952 0.808089 -0.0694435 -0.164397 0.822942 1.70043
0.769643 0.637822 -0.0288711 -0.171364 0.83964 1.76079 0.555193 0.829506 -0.0606756 -0.171362 0.828476 1.70488
0.681772 0.731453 -0.0127784 -0.169783 0.830113 1.7048 0.52291 0.850973 -0.0490947 -0.177278 0.834819 1.71584
0.527513 0.849253 -0.022332 -0.170167 0.84047 1.69863 0.486608 0.873 -0.0329167 -0.181744 0.841914 1.73434
0.403651 0.914102 -0.0385278 -0.174751 0.851776 1.72521 0.443115 0.896408 -0.0101034 -0.184626 0.849493 1.75985
0.329507 0.94224 -0.0600742 -0.178064 0.866744 1.77928 0.387327 0.921681 0.021929 -0.186046 0.857086 1.79039
0.33227 0.942067 -0.0458976 -0.171612 0.850983 1.77129 0.310539 0.948129 0.0679465 -0.186136 0.86421 1.82387
0.378965 0.925255 -0.0169766 -0.157084 0.823115 1.71275 0.19647 0.970864 0.137193 -0.185028 0.870388 1.85825
0.365518 0.930459 -0.0253507 -0.15104 0.825715 1.73435 0.0139996 0.968981 0.246739 -0.182855 0.875138 1.89145
-0.871506 -0.452677 0.188574 -0.173699 0.842737 1.95674 -0.279824 0.865884 0.414661 -0.179749 0.877981 1.92141
-0.633657 -0.710819 0.305311 -0.188673 0.8756 2.02122 -0.627664 0.510631 0.587618 -0.175841 0.878437 1.94608
-0.407244 -0.846768 0.342251 -0.207718 0.895647 2.05187 -0.773985 0.00664103 0.633169 -0.171264 0.876026 1.96337
-0.344905 -0.876219 0.336573 -0.225723 0.909591 2.08163 -0.705736 -0.362044 0.608984 -0.166151 0.870267 1.97124
-0.58821 -0.759969 0.276508 -0.21566 0.915697 2.0708 -0.520511 -0.601659 0.605867 -0.160635 0.860806 1.96797
0.374878 0.924139 -0.0737061 -0.0856803 0.841067 1.87571 -0.190842 -0.761481 0.619456 -0.154865 0.848154 1.95431
0.566133 0.821352 -0.0698114 -0.105388 0.833369 1.90153 0.305525 -0.761065 0.57222 -0.148997 0.833191 1.93207
0.887611 0.459536 -0.0311968 -0.130501 0.809257 1.86373 0.735384 -0.53673 0.413679 -0.143185 0.8168 1.90304
0.947479 0.318176 -0.032374 -0.136179 0.812587 1.88418 0.927445 -0.276534 0.251744 -0.137584 0.799863 1.86904
0.98846 0.150029 -0.0209083 -0.142026 0.797233 1.88059 0.98578 -0.0882813 0.142981 -0.132351 0.783263 1.83186
0.999463 -0.032163 0.0062963 -0.141013 0.750502 1.76288 0.996396 0.0396175 0.0750049 -0.127639 0.767881 1.79332
0.998037 -0.0619875 0.00888394 -0.136318 0.743164 1.72131 0.990915 0.130621 0.0320387 -0.123604 0.754599 1.75521
0.973583 0.227731 0.0165587 -0.116568 0.730383 1.66517 0.979799 0.199921 0.0051131 -0.120401 0.744301 1.71934
0.997107 0.0728296 0.0217466 -0.123931 0.730075 1.65112 0.966428 0.256732 -0.0102492 -0.118185 0.737867 1.68751
0.999609 0.0146574 0.0238122 -0.123685 0.740478 1.65269 0.951558 0.307014 -0.0167444 -0.117029 0.735841 1.66102
0.995759 -0.069556 0.0602224 -0.1347 0.729493 1.64141 0.935095 0.353973 -0.0173356 -0.116774 0.737819 1.63969
0.945274 0.308926 0.10498 -0.127706 0.778709 1.71655 0.91692 0.398821 -0.0141343 -0.117223 0.743232 1.62313
0.735729 0.675506 0.048946 -0.111794 0.81509 1.75891 0.897193 0.441554 -0.00867783 -0.118178 0.751515 1.61091
0.854609 0.517336 0.0447961 -0.106104 0.761938 1.62029 0.87663 0.481161 -0.00223018 -0.119441 0.762097 1.60262
0.800956 0.597023 0.0450854 -0.0972992 0.715416 1.49909 0.856862 0.51553 0.00405974 -0.120815 0.774413 1.59786
0.787456 0.615058 0.040223 -0.0995591 0.703932 1.45032 0.840891 0.54113 0.00902632 -0.122102 0.787893 1.59621
0.743663 0.668538 -0.0048388 -0.109583 0.761986 1.54374 0.833545 0.552336 0.011302 -0.123103 0.801971 1.59727
0.653589 0.743942 -0.13918 -0.11581 0.852264 1.67337 0.841508 0.540169 0.00899493 -0.123621 0.816079 1.60062
0.892522 0.428285 -0.141336 -0.123081 0.874916 1.70084 0.871409 0.490557 -0.000724119 -0.123463 0.829654 1.60584
0.94707 0.308019 -0.0904619 -0.128791 0.860526 1.64787 0.920428 0.390416 -0.0196689 -0.122605 0.84234 1.61252
0.960698 0.266298 -0.0783854 -0.133073 0.858931 1.60238 0.969814 0.239438 -0.0461574 -0.121226 0.85403 1.62019
0.889327 0.44268 -0.114595 -0.149053 0.86847 1.60778 0.9955 0.0572765 -0.0754875 -0.119518 0.864631 1.6284
0.902294 -0.419796 -0.0981673 -0.130345 0.907008 1.69771 0.987524 -0.120117 -0.10182 -0.117674 0.874051 1.6367
0.790302 -0.606382 -0.087887 -0.112226 0.900897 1.63256 0.956653 -0.264469 -0.121944 -0.115885 0.882199 1.64463
0.818831 -0.568863 -0.0768823 -0.11308 0.888696 1.59711 0.919774 -0.368155 -0.135929 -0.114344 0.888981 1.65174
0.990357 -0.0980298 -0.0978929 -0.143782 0.830571 1.49794 0.88802 -0.436312 -0.145096 -0.113243 0.894305 1.65758
0.925021 -0.366354 -0.100601 -0.123666 0.86409 1.60757 0.86617 -0.476536 -0.15054 -0.112775 0.89808 1.66168
0.694388 -0.717785 -0.0510886 -0.104997 0.906859 1.70659 0.855771 -0.494297 -0.152729 -0.113131 0.900213 1.6636
0.666982 -0.741208 -0.0757981 -0.103054 0.928847 1.79867 0.857226 -0.492126 -0.151577 -0.114476 0.900638 1.66295
0.776204 -0.620777 -0.110192 -0.0966387 0.919377 1.73167 0.868958 -0.472524 -0.147081 -0.116705 0.899537 1.65992
0.864766 -0.485119 -0.129766 -0.101707 0.914856 1.71935 0.888538 -0.437185 -0.139174 -0.119567 0.897228 1.65507
0.953568 -0.236366 -0.186655 -0.114369 0.891079 1.64506 0.913362 -0.386629 -0.127624 -0.122812 0.894028 1.64892
0.975928 -0.0899471 -0.198681 -0.119928 0.875097 1.60514 0.940199 -0.321582 -0.112298 -0.126185 0.890257 1.64202
0.981266 0.0558239 -0.184393 -0.128121 0.865502 1.57901 0.965151 -0.244421 -0.0935016 -0.129436 0.886234 1.63491
0.943819 0.28042 -0.174842 -0.144671 0.858687 1.56713 0.984394 -0.160441 -0.0722993 -0.132312 0.882276 1.62813
0.959251 0.228152 -0.166683 -0.130822 0.880665 1.6161 0.995655 -0.078156 -0.0506307 -0.134561 0.878704 1.62221
0.984935 0.100474 -0.140743 -0.118101 0.888351 1.6288 0.999488 -0.00794942 -0.0309776 -0.13593 0.875834 1.6177
0.949786 0.304292 -0.0728856 -0.141694 0.886944 1.61576 0.999063 0.0403299 -0.015697 -0.136168 0.873987 1.61514
0.998403 -0.0495996 0.0270337 -0.142911 0.885152 1.6176 0.998103 0.0612555 -0.00613722 -0.135134 0.87337 1.61487
0.951597 -0.291628 0.0970357 -0.145125 0.879422 1.59248 0.998252 0.0590682 -0.00174903 -0.133087 0.873783 1.61658
0.920292 -0.367652 0.13377 -0.157606 0.86812 1.57804 0.999192 0.0401816 -0.00133386 -0.13038 0.874934 1.61978
0.888504 -0.416991 0.191519 -0.172556 0.869319 1.64744 0.999939 0.0104311 -0.00368396 -0.127368 0.876531 1.62398
0.982871 -0.18234 0.026788 -0.120076 0.896235 1.71092 0.99965 -0.025278 -0.00777043 -0.124402 0.878283 1.62871
0.99807 -0.0242995 -0.0571527 -0.102526 0.888832 1.69347 0.997929 -0.0630404 -0.0128118 -0.121836 0.879896 1.63348
0.996607 0.0114802 -0.0815056 -0.093815 0.885193 1.68324 0.994832 -0.0998808 -0.0182763 -0.120023 0.881078 1.63781
0.994345 -0.0114131 -0.105583 -0.0910884 0.8635 1.60809 0.99075 -0.133592 -0.0238459 -0.119315 0.881539 1.64122
0.993879 -0.0455918 -0.100624 -0.0952375 0.852545 1.57298 0.986271 -0.162506 -0.0293591 -0.120066 0.880985 1.64322
0.992026 -0.0228338 -0.123949 -0.106702 0.870039 1.62159 0.98208 -0.185233 -0.0347451 -0.122624 0.879127 1.64334
0.988532 0.0297312 -0.148058 -0.114506 0.879686 1.65494 0.978756 -0.201075 -0.0400557 -0.127059 0.87589 1.64136
0.959989 -0.278936 0.0248165 -0.159813 0.867016 1.63649 0.976639 -0.21002 -0.0454646 -0.133009 0.871524 1.6375
0.964079 -0.265276 0.0134419 -0.168943 0.860385 1.61625 0.976039 -0.211498 -0.051147 -0.140076 0.866309 1.63199
0.960183 -0.279196 0.00993926 -0.16785 0.859417 1.61163 0.977236 -0.204263 -0.0573311 -0.14786 0.860525 1.62507
0.987223 -0.14609 -0.0636307 -0.169796 0.86112 1.61168 0.980381 -0.186313 -0.0643459 -0.155962 0.85445 1.61699
0.993906 -0.0687238 -0.0861797 -0.171441 0.855706 1.60027 0.985273 -0.154794 -0.0726413 -0.163984 0.848365 1.60798
0.995638 -0.0388196 -0.0848404 -0.178963 0.851739 1.59897 0.990912 -0.106046 -0.0827505 -0.171527 0.842549 1.5983
0.996515 0.00643571 -0.0831627 -0.175807 0.856058 1.59 0.99481 -0.0360947 -0.0951293 -0.178193 0.837281 1.58817
0.995397 0.0420003 -0.0861388 -0.1695 0.859679 1.58217 0.992273 0.0577849 -0.109792 -0.183581 0.832842 1.57784
0.992109 0.0821195 -0.094741 -0.182918 0.868838 1.60495 0.976714 0.173824 -0.125758 -0.187317 0.829496 1.56755
0.929552 0.332323 -0.159671 -0.186856 0.873672 1.60628 0.943246 0.300795 -0.140745 -0.189328 0.827336 1.5576
0.852463 0.492207 -0.176178 -0.194402 0.877143 1.60842 0.893505 0.422433 -0.152315 -0.18975 0.82633 1.54828
0.789884 0.592851 -0.156879 -0.201432 0.875554 1.59697 0.835292 0.526259 -0.15918 -0.188727 0.826444 1.5399
-0.978133 -0.18669 -0.0916622 -0.0993319 0.424781 1.2374 0.777957 0.607239 -0.161378 -0.186401 0.827645 1.53278
0.778663 0.617574 -0.110843 -0.190141 0.872343 1.57637 0.72845 0.666239 -0.159642 -0.182914 0.829898 1.52723
0.79642 0.597691 -0.0920879 -0.183161 0.868054 1.5605 0.69049 0.706593 -0.154757 -0.178409 0.83317 1.52355
0.810505 0.580943 -0.0747384 -0.185709 0.864611 1.54444 0.665619 0.731624 -0.147232 -0.173027 0.837428 1.52206
0.816143 0.57429 -0.0640429 -0.174645 0.862634 1.52251 0.654516 0.743495 -0.137196 -0.166911 0.842637 1.52306
0.800583 0.595503 -0.066662 -0.174206 0.864282 1.51439 0.657988 0.742695 -0.124322 -0.160203 0.848764 1.52687
0.69281 0.715486 -0.0899627 -0.184588 0.882297 1.56619 0.677068 0.727978 -0.107831 -0.153047 0.855742 1.53367
0.733782 0.676068 -0.0670578 -0.167454 0.883727 1.57379 0.711 0.697777 -0.087101 -0.145584 0.863348 1.54302
0.717825 0.69238 -0.0730579 -0.158988 0.883445 1.54796 0.758193 0.649125 -0.0614866 -0.137959 0.871309 1.55431
0.693053 0.715141 -0.0908334 -0.140943 0.882745 1.53423 0.815606 0.577805 -0.0304552 -0.130314 0.879356 1.56691
0.758759 0.648166 -0.0645314 -0.102418 0.891456 1.56826 0.877147 0.480186 0.00578805 -0.122794 0.887218 1.58022
0.836357 0.54755 -0.0263905 -0.0748832 0.897003 1.59172 0.933072 0.356807 0.0454399 -0.115543 0.894622 1.59361
0.942811 0.33292 0.016495 -0.0826277 0.901397 1.61615 0.972629 0.216382 0.0846874 -0.108702 0.901299 1.60646
0.995507 -0.014193 0.0936226 -0.0717195 0.908181 1.6343 0.990033 0.0757183 0.118752 -0.102417 0.906976 1.61816
0.981966 -0.162483 0.0966524 -0.0793359 0.911953 1.63242 0.988463 -0.046905 0.144018 -0.0968305 0.911384 1.62809
0.886574 -0.42735 0.177082 -0.0796283 0.92515 1.67507 0.977391 -0.139183 0.15917 -0.0920856 0.914252 1.63564
0.865406 -0.461206 0.195858 -0.0796724 0.910945 1.61937 0.966027 -0.198822 0.165108 -0.088303 0.915484 1.64045
0.965576 -0.148469 0.213588 -0.106124 0.900011 1.62051 0.958799 -0.231967 0.164002 -0.0855575 0.915326 1.64269
0.975722 0.00976262 0.218793 -0.125463 0.890941 1.62017 0.956693 -0.244893 0.157373 -0.0839187 0.914066 1.64262
0.955241 -0.232095 0.183428 -0.107341 0.901123 1.63115 0.959118 -0.242382 0.146091 -0.0834564 0.911991 1.64047
0.94759 -0.282987 0.148292 -0.103497 0.903252 1.63273 0.964905 -0.227812 0.130615 -0.0842399 0.909389 1.63648
0.947032 -0.29573 0.125196 -0.103127 0.903624 1.63502 0.972752 -0.203466 0.111156 -0.086339 0.906546 1.63088
0.9826 -0.136703 0.125736 -0.11363 0.898215 1.63026 0.981389 -0.17081 0.0877486 -0.0898233 0.90375 1.62392
0.982995 -0.166587 0.0772691 -0.0996336 0.904427 1.63306 0.989592 -0.13068 0.0602573 -0.0947622 0.901289 1.61583
0.977757 -0.198153 0.0687552 -0.0981958 0.902204 1.62234 0.996115 -0.0833832 0.0283158 -0.101225 0.899449 1.60685
0.998489 -0.0465509 -0.0291993 -0.0994701 0.908709 1.60484 0.999548 -0.0287759 -0.00874274 -0.109271 0.898504 1.59724
0.985091 0.122919 -0.120357 -0.0970693 0.906345 1.57676 0.998143 0.0331526 -0.051108 -0.118747 0.898471 1.58737
0.976605 0.153209 -0.150895 -0.0987617 0.905554 1.56098 0.989984 0.101559 -0.0980716 -0.129312 0.899137 1.57775
0.911997 0.338639 -0.231487 -0.111943 0.914975 1.5981 0.973395 0.174636 -0.148337 -0.140619 0.900282 1.5689
0.897745 0.356108 -0.259309 -0.129733 0.906089 1.55562 0.947509 0.249528 -0.199904 -0.152321 0.901686 1.56133
0.887302 0.352936 -0.296868 -0.157652 0.901258 1.52778 0.912901 0.322539 -0.25016 -0.164072 0.90313 1.55555
0.83837 0.43127 -0.33338 -0.189276 0.91107 1.58162 0.872005 0.38969 -0.296225 -0.175523 0.904393 1.55208
0.868197 0.375972 -0.32385 -0.196775 0.903044 1.55502 0.829041 0.447416 -0.335425 -0.186329 0.905254 1.55142
0.762356 0.542611 -0.352686 -0.212008 0.902053 1.5677 0.789454 0.493037 -0.365617 -0.196143 0.905495 1.5541
0.796046 0.504449 -0.334426 -0.205076 0.888752 1.52012 0.759173 0.524695 -0.385164 -0.204616 0.904894 1.56061
0.762638 0.560719 -0.322457 -0.22148 0.89266 1.54714 0.743491 0.541148 -0.392912 -0.21143 0.903278 1.57131
0.753563 0.584273 -0.301278 -0.227822 0.894247 1.56099 0.743676 0.54318 -0.389744 -0.216431 0.900758 1.58548
0.756823 0.593834 -0.273093 -0.230581 0.893661 1.57011 0.758725 0.531411 -0.376747 -0.219536 0.897559 1.60196
0.796622 0.482638 -0.363943 -0.228293 0.890593 1.61835 0.786718 0.50543 -0.354423 -0.220658 0.893907 1.61962
0.770038 0.567186 -0.292133 -0.233935 0.888721 1.59548 0.824632 0.464325 -0.323085 -0.219712 0.890025 1.63731
0.879793 0.32863 -0.343461 -0.219486 0.891862 1.67832 0.868118 0.407499 -0.283398 -0.216612 0.886139 1.65388
0.893643 -0.345115 -0.286877 -0.192433 0.892124 1.75977 0.911667 0.33571 -0.236986 -0.211274 0.882474 1.66821
0.596529 -0.801225 -0.0468073 -0.161251 0.890599 1.80115 0.94954 0.251934 -0.186823 -0.203611 0.879255 1.67913
0.984089 0.021382 -0.176386 -0.181894 0.894482 1.73796 0.977325 0.161406 -0.137058 -0.193539 0.876707 1.68551
0.976092 0.1721 -0.132762 -0.180885 0.890677 1.70554 0.993241 0.0705076 -0.0921959 -0.180972 0.875054 1.6862
0.973955 0.200768 -0.105375 -0.177034 0.883273 1.68254 0.998363 -0.0146581 -0.0552784 -0.166065 0.87441 1.68067
0.996302 0.0784664 -0.0350133 -0.148487 0.860756 1.59291 0.995679 -0.0890763 -0.0262454 -0.149585 0.874605 1.66992
0.996497 0.0833656 -0.0065829 -0.138491 0.869572 1.60409 0.988719 -0.14973 -0.00400801 -0.132397 0.875423 1.65518
0.995483 0.0948027 0.00514082 -0.133888 0.874462 1.6094 0.980678 -0.195206 0.0128814 -0.115364 0.876651 1.63771
0.996479 -0.0657014 0.0520878 -0.113384 0.864424 1.56621 0.974041 -0.224879 0.0259516 -0.0993496 0.878072 1.61875
0.999937 0.0079458 0.00789447 -0.0937655 0.85802 1.53371 0.97054 -0.238134 0.0366593 -0.0852185 0.879473 1.59955
0.999709 0.00730428 0.0230086 -0.0757541 0.862869 1.53205 0.9712 -0.233713 0.0463465 -0.0738345 0.880637 1.58134
0.998603 0.0488012 0.0202487 -0.0604819 0.866975 1.53032 0.976262 -0.209158 0.0562628 -0.0660613 0.88135 1.56538
0.998252 0.0271975 0.0524763 -0.0540011 0.876979 1.56 0.984756 -0.160268 0.0675994 -0.0627631 0.881397 1.55291
0.987924 -0.108377 0.110728 -0.0508892 0.884634 1.58894 0.993387 -0.0809444 0.0814206 -0.0647727 0.88057 1.54513
0.97885 -0.165859 0.119767 -0.0645807 0.888496 1.60175 0.994754 0.031096 0.0974548 -0.0720312 0.878866 1.54227
0.947856 -0.276821 0.157923 -0.0725839 0.890793 1.5989 0.979061 0.168994 0.113489 -0.0834754 0.876515 1.54339
0.956289 -0.25453 0.143961 -0.0891225 0.893201 1.60459 0.939463 0.318418 0.126566 -0.0979886 0.873759 1.54754
0.97869 0.128774 0.159948 -0.121876 0.900127 1.59863 0.877376 0.460672 0.134137 -0.114454 0.870838 1.55373
0.959878 0.188793 0.207344 -0.126203 0.901377 1.60649 0.802935 0.580531 0.135198 -0.131755 0.867995 1.56098
0.693912 0.714204 0.0916424 -0.154436 0.867004 1.54951 0.729346 0.671628 0.13027 -0.148775 0.86547 1.56833
0.644674 0.754948 0.1202 -0.180635 0.850677 1.54911 0.667139 0.735132 0.120446 -0.164396 0.863504 1.5748
0.599004 0.794398 0.100632 -0.190026 0.844588 1.55137 0.622635 0.77523 0.106509 -0.177503 0.862341 1.5794
0.559904 0.825248 0.0739815 -0.197248 0.840109 1.54807 0.599403 0.795536 0.0885358 -0.186978 0.86222 1.58117
0.537061 0.842026 0.0505779 -0.203739 0.838969 1.54273 0.599642 0.797552 0.0658764 -0.191852 0.863357 1.57929
0.538161 0.842071 0.0360491 -0.206462 0.841918 1.53918 0.620813 0.783032 0.0381056 -0.192404 0.865741 1.57426
0.551753 0.833724 0.021741 -0.205291 0.844669 1.53253 0.658445 0.752612 0.00505774 -0.189542 0.869247 1.56723
0.671134 0.741266 -0.0101939 -0.179315 0.880109 1.56508 0.707891 0.705542 -0.0331797 -0.18418 0.873751 1.55938
0.676387 0.729255 -0.103385 -0.16829 0.894901 1.53755 0.76349 0.641351 -0.0758425 -0.177232 0.879127 1.55188
0.79517 0.574614 -0.193709 -0.137065 0.908691 1.54515 0.818468 0.561625 -0.121191 -0.16961 0.885249 1.54589
0.909374 0.360657 -0.207281 -0.118201 0.910176 1.53891 0.866041 0.47139 -0.166624 -0.162228 0.891993 1.54259
0.933358 0.263156 -0.244115 -0.11455 0.922133 1.60241 0.90136 0.379106 -0.209354 -0.155999 0.899233 1.54314
0.938298 0.196589 -0.284518 -0.135652 0.93117 1.63035 0.922957 0.294921 -0.247331 -0.151838 0.906844 1.54872
0.966039 0.0622692 -0.250782 -0.155357 0.923162 1.59222 0.932503 0.22841 -0.279763 -0.150657 0.914701 1.56048
0.952916 0.0858184 -0.290838 -0.182265 0.933995 1.65109 0.933469 0.185386 -0.30703 -0.153038 0.922665 1.57909
0.934536 0.182187 -0.305696 -0.190013 0.918189 1.59986 0.929672 0.163565 -0.330087 -0.158457 0.930554 1.60344
0.869912 0.347773 -0.349724 -0.203121 0.920342 1.62892 0.923349 0.15917 -0.349417 -0.166161 0.938178 1.63209
0.932059 0.102437 -0.347523 -0.182293 0.925624 1.62897 0.915605 0.168708 -0.364974 -0.175394 0.945347 1.66359
0.944623 0.0418195 -0.325482 -0.18005 0.925197 1.61777 0.907041 0.188872 -0.376303 -0.185402 0.951868 1.69648
0.918788 0.110352 -0.379013 -0.194435 0.938931 1.65624 0.898196 0.216335 -0.382679 -0.195432 0.957553 1.72931
0.845817 0.434015 -0.310202 -0.222296 0.945365 1.67213 0.889855 0.247558 -0.38324 -0.204728 0.962209 1.76064
0.849325 0.413784 -0.327764 -0.228348 0.957338 1.7407 0.883251 0.278669 -0.377109 -0.212537 0.965647 1.789
0.861372 0.381027 -0.33594 -0.223277 0.9654 1.79597 0.880126 0.30539 -0.363476 -0.218104 0.967675 1.81294
0.867186 0.365589 -0.338132 -0.21358 0.970951 1.84056 0.882589 0.323007 -0.341618 -0.220685 0.968108 1.83104
0.926439 0.236423 -0.292941 -0.204438 0.97942 1.90071 0.891537 0.328985 -0.311338 -0.220033 0.966968 1.84279
0.944846 0.206495 -0.254218 -0.20221 0.981676 1.92983 0.905546 0.324495 -0.273293 -0.21661 0.964581 1.84901
0.906932 0.325522 -0.267414 -0.206334 0.978375 1.91862 0.922407 0.311275 -0.228634 -0.210935 0.961295 1.85063
0.890052 0.377891 -0.254963 -0.1955 0.976591 1.90753 0.93959 0.291645 -0.179203 -0.203525 0.957457 1.84858
0.924282 0.317616 -0.211713 -0.187441 0.975959 1.90905 0.954748 0.268664 -0.127577 -0.194897 0.953414 1.84377
0.971125 0.211892 -0.109624 -0.169187 0.952634 1.81616 0.966217 0.246009 -0.0768416 -0.185571 0.949515 1.83715
0.989944 0.126518 -0.0632787 -0.163295 0.94371 1.79948 0.973295 0.227572 -0.0301345 -0.176062 0.946107 1.82962
0.992055 0.115047 -0.0508964 -0.162355 0.941487 1.80354 0.976131 0.216963 0.00980615 -0.16689 0.943539 1.82213
0.994579 0.0942736 -0.0438669 -0.15979 0.938563 1.80502 0.97529 0.217109 0.0408959 -0.158571 0.942157 1.81558
0.955381 0.295231 -0.00929883 -0.149787 0.943776 1.78854 0.971299 0.229676 0.0618584 -0.151587 0.942269 1.81085
0.935229 0.353981 0.00668985 -0.145339 0.942744 1.76889 0.965039 0.251548 0.0736456 -0.145996 0.943715 1.80802
0.948687 0.312112 0.0507929 -0.137546 0.947627 1.77773 0.957547 0.277409 0.0784059 -0.141584 0.946032 1.80664
0.900901 0.415175 0.126517 -0.145013 0.935306 1.75573 0.949813 0.302912 0.0781024 -0.13813 0.948755 1.80629
0.877989 0.454803 0.149295 -0.154584 0.924472 1.73252 0.942883 0.324707 0.0744087 -0.135416 0.951414 1.80654
0.905508 0.326567 0.270941 -0.170901 0.950094 1.85309 0.937843 0.340193 0.0686983 -0.133222 0.953543 1.80695
0.914959 0.317338 0.249293 -0.170942 0.9619 1.90899 0.935763 0.347123 0.0620806 -0.131328 0.954675 1.80708
0.964204 -0.0192267 0.264464 -0.150923 0.943686 1.87023 0.937659 0.343101 0.055469 -0.129515 0.954342 1.8065
0.981257 0.16006 0.107313 -0.113976 0.934123 1.8135 0.944437 0.324918 0.0496738 -0.127564 0.952078 1.80478
0.958955 0.283117 -0.0158107 -0.0989867 0.921737 1.7548 0.956667 0.287603 0.04552 -0.125256 0.947415 1.80147
0.923401 0.377916 -0.0671593 -0.109682 0.928007 1.76291 0.973497 0.22449 0.04367 -0.122446 0.940052 1.79627
0.903359 0.420047 -0.0866222 -0.117211 0.929577 1.76263 0.990229 0.132472 0.0435734 -0.11933 0.930423 1.78939
0.982164 0.15925 -0.0999687 -0.110849 0.937524 1.7855 0.998956 0.0112551 0.0442739 -0.116191 0.919158 1.78117
0.986232 -0.135357 -0.0950022 -0.103344 0.937137 1.77757 0.989997 -0.133836 0.0446432 -0.113317 0.906891 1.77198
0.944571 -0.314358 -0.0946776 -0.0962826 0.930167 1.76339 0.956506 -0.288449 0.0435096 -0.110991 0.894253 1.76217
0.904921 -0.416037 -0.0896201 -0.0927561 0.926571 1.76851 0.901021 -0.431921 0.0400685 -0.109499 0.881877 1.75209
0.843152 -0.533945 -0.0632201 -0.0872045 0.928775 1.78717 0.836731 -0.546548 0.0341531 -0.109127 0.870396 1.7421
0.776632 -0.625705 0.0730466 -0.108145 0.923964 1.82694 0.780792 -0.624251 0.0259773 -0.110159 0.86044 1.73255
0.765307 -0.63412 0.110442 -0.125535 0.911327 1.81433 0.747223 -0.66439 0.0156153 -0.112882 0.852644 1.72381
-0.976853 -0.199062 0.0783095 -0.0888837 0.443677 1.32258 0.744906 -0.667164 0.002667 -0.117578 0.847635 1.71621
0.830248 -0.551637 0.0799042 -0.138929 0.896908 1.79936 0.774475 -0.632463 -0.0133884 -0.124287 0.845708 1.71011
0.895991 -0.443582 0.0208503 -0.144527 0.873928 1.71547 0.825955 -0.562801 -0.0324603 -0.132609 0.846545 1.70581
0.91485 -0.403753 -0.00575512 -0.158649 0.891591 1.75572 0.885929 -0.460684 -0.0538637 -0.142095 0.849762 1.70362
0.996988 0.0294496 -0.0717499 -0.177386 0.869194 1.68221 0.93996 -0.332689 -0.0761142 -0.152297 0.854979 1.70384
0.940515 0.321701 -0.109273 -0.188188 0.8742 1.69937 0.976749 -0.191046 -0.0972747 -0.162765 0.861811 1.70678
0.920302 0.371611 -0.122269 -0.186096 0.855751 1.64739 0.992003 -0.0502861 -0.115763 -0.173052 0.869876 1.71275
0.977225 0.113666 -0.179195 -0.192488 0.909589 1.78254 0.988311 0.0780798 -0.130937 -0.182709 0.878791 1.72206
0.97749 -0.0864149 -0.192473 -0.186486 0.911239 1.78628 0.971646 0.188239 -0.143073 -0.191287 0.888174 1.73501
0.973847 -0.118138 -0.194077 -0.183391 0.908592 1.7877 0.94796 0.279211 -0.153013 -0.198339 0.897642 1.7519
0.968343 -0.0629352 -0.241559 -0.195611 0.934524 1.8718 0.921609 0.352752 -0.16187 -0.203434 0.906819 1.773
0.958569 0.0408228 -0.28192 -0.201589 0.949418 1.92223 0.894621 0.413178 -0.17011 -0.206454 0.915423 1.79756
0.813379 0.532494 -0.234233 -0.205865 0.943724 1.88726 0.867448 0.464768 -0.177553 -0.207534 0.923253 1.82407
0.789357 0.594001 -0.155172 -0.197963 0.903318 1.78135 0.840196 0.510124 -0.183967 -0.206815 0.930112 1.85099
0.761628 0.637267 -0.117532 -0.182543 0.88493 1.73504 0.813004 0.550724 -0.189017 -0.204443 0.9358 1.87677
0.73311 0.673381 -0.0954348 -0.171761 0.881994 1.71901 0.786247 0.587264 -0.192189 -0.200558 0.940119 1.89987
0.685545 0.715628 -0.133806 -0.191883 0.918224 1.8328 0.760681 0.619846 -0.192757 -0.195304 0.942869 1.91873
0.649636 0.743377 -0.15926 -0.196899 0.933401 1.89938 0.73753 0.648096 -0.189792 -0.188824 0.943852 1.93182
0.668977 0.725444 -0.161866 -0.201198 0.945239 1.97237 0.718441 0.671285 -0.182258 -0.18126 0.942869 1.93759
0.634403 0.749563 -0.188914 -0.177649 0.933998 1.94246 0.705258 0.688465 -0.169195 -0.172756 0.939721 1.93449
0.721772 0.675586 -0.150425 -0.156196 0.914398 1.89023 0.699274 0.69886 -0.150367 -0.163484 0.934309 1.92145
0.763999 0.632906 -0.125439 -0.150356 0.905406 1.85463 0.699444 0.703144 -0.127932 -0.153787 0.927102 1.90015
0.782262 0.613397 -0.108676 -0.149289 0.901314 1.8325 0.703806 0.702689 -0.10433 -0.144071 0.918776 1.87321
0.710317 0.690835 -0.134896 -0.152983 0.929158 1.89289 0.710627 0.698856 -0.0812922 -0.134741 0.910006 1.84329
0.773413 0.627067 -0.0928414 -0.13937 0.927891 1.87605 0.718624 0.692812 -0.0599356 -0.126202 0.901466 1.81302
0.824436 0.561525 -0.0706732 -0.130717 0.929082 1.87393 0.726955 0.685462 -0.0409641 -0.118858 0.893831 1.78506
0.828884 0.552096 -0.0902314 -0.125291 0.964583 1.97423 0.735123 0.677477 -0.0248804 -0.113115 0.887777 1.76205
0.983461 0.175918 0.0431059 -0.0949365 0.962285 1.95507 0.74285 0.669347 -0.012195 -0.109378 0.883977 1.74663
0.739338 0.673253 0.0105169 -0.0955159 0.929136 1.80375 0.749959 0.661474 -0.00368182 -0.108052 0.883108 1.74144
0.710342 0.703496 0.0225085 -0.101726 0.905057 1.72635 0.756236 0.654298 -0.000864255 -0.109541 0.885842 1.74913
0.745376 0.666561 0.0105068 -0.105555 0.9021 1.74318 0.761659 0.647945 -0.00651382 -0.113975 0.892343 1.77068
0.679789 0.732116 -0.0435221 -0.12253 0.912817 1.78698 0.766963 0.641157 -0.0262028 -0.120835 0.901578 1.8032
0.766951 0.64118 -0.0259544 -0.137391 0.903131 1.77646 0.772493 0.62988 -0.0806618 -0.129512 0.912343 1.84324
0.846014 0.524214 -0.0972631 -0.154879 0.936313 1.86323 0.758217 0.572302 -0.312373 -0.139398 0.923434 1.88736
0.726701 0.676745 -0.117996 -0.168195 0.944612 1.83166 -0.557324 -0.56337 -0.609921 -0.149881 0.933648 1.9321
-0.94933 -0.314094 -0.0107844 -0.13174 0.735595 1.73131 -0.72482 -0.636497 -0.263641 -0.160353 0.941779 1.97403
-0.889634 -0.45553 0.0323002 -0.149064 0.793953 1.83241 -0.746102 -0.637542 -0.192023 -0.170204 0.946624 2.00969
-0.94189 -0.322359 -0.0944869 -0.16184 0.806012 1.85926 -0.754814 -0.635631 -0.161955 -0.178823 0.946979 2.03563
-0.965523 -0.158832 -0.206246 -0.156178 0.762386 1.79651 -0.760205 -0.633266 -0.145129 -0.185602 0.94164 2.0484
-0.0140054 -0.99821 0.0581403 -0.192155 0.950848 2.02876 -0.764476 -0.630613 -0.133805 -0.189946 0.929467 2.04472
0.106497 -0.992393 0.0617554 -0.205336 0.961119 2.07588 -0.769392 -0.62637 -0.125286 -0.191627 0.910925 2.02479
0.201857 -0.978688 0.0377338 -0.211602 0.965094 2.11288 -0.779035 -0.615421 -0.11984 -0.190799 0.888146 1.99252
0.296789 -0.954799 0.0166152 -0.213742 0.966175 2.13188 -0.814252 -0.566935 -0.124818 -0.187635 0.863343 1.95199
0.339436 -0.940235 -0.0272438 -0.216234 0.970244 2.15976 0.369881 0.928929 -0.016738 -0.182308 0.838724 1.90727
0.595974 0.658423 -0.459668 -0.202304 0.966603 2.1545 0.672609 0.737291 0.0632473 -0.174989 0.816501 1.86243
0.274888 0.924383 -0.264485 -0.186705 0.958429 2.13512 0.688113 0.722865 0.0629747 -0.165851 0.798884 1.82155
0.38957 0.919707 -0.0487312 -0.127509 0.888722 1.86067 0.683946 0.727276 0.0573406 -0.155066 0.788083 1.78871
0.457867 0.888327 -0.035114 -0.111223 0.872624 1.86227 0.670943 0.739843 0.0496778 -0.142807 0.786311 1.76796
0.460389 0.887488 0.0201662 -0.0937463 0.843044 1.81264 0.650299 0.758623 0.0400307 -0.129246 0.795776 1.7634
0.57045 0.817359 0.0806919 -0.0799938 0.802292 1.72784 0.621112 0.783236 0.0275714 -0.114601 0.818174 1.77835
0.507637 0.859686 0.0569695 -0.0652158 0.810463 1.69428 0.584493 0.811293 0.0131092 -0.0994548 0.851231 1.81043
0.522533 0.851884 0.0354041 -0.0717173 0.841445 1.77386 0.54241 0.840111 -0.00239407 -0.0845542 0.890836 1.85462
0.591418 0.804398 0.0562975 -0.0808442 0.829409 1.71605 0.496831 0.867653 -0.0183527 -0.0706486 0.932865 1.90589
0.556163 0.82967 0.0482809 -0.0832596 0.846466 1.76357 0.450143 0.892307 -0.0340406 -0.0584871 0.973197 1.9592
0.636393 0.77073 0.0312773 -0.0672153 0.825496 1.73944 0.4054 0.912862 -0.0483051 -0.0488186 1.00771 2.00951
0.645355 0.762875 0.0392314 -0.0655473 0.840961 1.81511 0.366494 0.928524 -0.0593831 -0.0423922 1.03228 2.05179
0.695688 0.71431 0.0760203 -0.082695 0.845449 1.85256 0.338326 0.938798 -0.0647558 -0.039957 1.04278 2.081
0.485046 0.87172 0.0695281 -0.0988209 0.901168 1.98929 0.327053 0.943036 -0.0609932 -0.042262 1.0351 2.0921
0.317684 0.948112 0.0126358 -0.0884587 0.908049 1.98082 0.340369 0.939282 -0.0435776 -0.050056 1.00511 2.08007
0.299066 0.954023 -0.0199693 -0.0719948 0.897041 1.95158 0.384725 0.922995 -0.00821882 -0.0636591 0.950811 2.0421
0.343967 0.935251 -0.0836223 -0.078597 0.913264 2.02035 0.457883 0.887856 0.0453402 -0.0820826 0.876694 1.98225
0.119357 0.985929 -0.117035 -0.0860274 0.93983 2.10692 0.552278 0.825798 0.114225 -0.104089 0.788475 1.90587
0.24189 0.963122 -0.117839 -0.0537128 0.897948 2.00324 0.654889 0.731104 0.19133 -0.128442 0.691872 1.81831
0.113203 0.991303 0.0671024 -0.128593 0.946564 2.24509 0.749591 0.6062 0.265774 -0.153904 0.592602 1.72494
0.139743 0.989221 0.0437561 -0.116875 0.945829 2.24594 0.823815 0.463132 0.326859 -0.179237 0.496384 1.63109
0.0432759 0.997382 -0.0579406 -0.0942018 0.950878 2.25327 0.87368 0.317658 0.368479 -0.203205 0.408934 1.54213
0.44203 0.896676 -0.0241167 -0.121672 0.929444 2.2059 0.90278 0.181658 0.389856 -0.224569 0.335972 1.4634
0.931739 -0.155083 0.328347 -0.328348 -0.238717 0.748519 0.917495 0.0603412 0.393144 -0.242093 0.283213 1.40026
0.943122 -0.160718 0.291016 -0.339249 -0.231107 0.749792 0.923457 -0.0463312 0.380893 -0.25456 0.256275 1.35798
0.946398 -0.160421 0.280348 -0.343142 -0.230271 0.752751 0.923952 -0.141271 0.355464 -0.261556 0.25662 1.3384
0.945088 -0.160626 0.284618 -0.349355 -0.227218 0.765443 0.920049 -0.227216 0.31919 -0.263729 0.280236 1.33885
0.936888 -0.159823 0.310963 -0.35274 -0.22399 0.790998 0.911919 -0.305538 0.273954 -0.261799 0.322734 1.35634
-0.752296 -0.558717 0.349122 -0.20711 0.673642 1.63591 0.899542 -0.376523 0.221481 -0.256486 0.379726 1.3879
-0.786704 -0.531607 0.313832 -0.182615 0.541876 1.33988 0.883175 -0.439604 0.163555 -0.24851 0.446824 1.43054
0.623349 -0.780604 -0.0457601 -0.232885 0.822991 1.79198 0.863709 -0.49353 0.10215 -0.238593 0.519639 1.48127
0.741659 -0.654075 -0.148752 -0.215768 0.804206 1.73997 0.842958 -0.536528 0.0394815 -0.227454 0.593783 1.53712
0.8318 -0.507782 -0.224203 -0.193758 0.772337 1.67538 0.823835 -0.566403 -0.0219743 -0.215813 0.664867 1.5951
0.832429 -0.474201 -0.286698 -0.174655 0.774746 1.71208 0.810379 -0.580498 -0.0794266 -0.204391 0.728504 1.65223
0.832757 -0.45793 -0.311152 -0.180019 0.811209 1.81951 0.8073 -0.575682 -0.129836 -0.193862 0.780641 1.70568
0.890134 -0.33487 -0.309069 -0.177697 0.803226 1.79669 0.8166 -0.550864 -0.172375 -0.184419 0.820732 1.75422
0.937265 -0.174893 -0.301573 -0.167281 0.816445 1.82575 0.83742 -0.505739 -0.207259 -0.17597 0.850319 1.79758
0.931573 0.0138221 -0.36329 -0.173893 0.867502 1.92455 0.867269 -0.439463 -0.233916 -0.168418 0.87097 1.83551
0.949145 0.050835 -0.310708 -0.178645 0.86577 1.9099 0.901801 -0.351761 -0.251038 -0.161665 0.884252 1.86773
0.968805 0.045876 -0.243541 -0.178998 0.866341 1.90353 0.93494 -0.244585 -0.257033 -0.155617 0.891734 1.89398
0.974863 0.102885 -0.197626 -0.171464 0.869414 1.88291 0.960073 -0.123673 -0.250929 -0.150176 0.894985 1.91402
0.969429 0.178448 -0.168417 -0.162688 0.870332 1.86564 0.972373 0.00132572 -0.233428 -0.145245 0.895573 1.92757
0.969307 0.198391 -0.145208 -0.143032 0.870245 1.85626 0.970999 0.119032 -0.207346 -0.140728 0.895065 1.93437
0.976183 0.178422 -0.123418 -0.132889 0.874259 1.85109 0.959397 0.219646 -0.176953 -0.136529 0.89503 1.93417
0.985933 0.13555 -0.0977849 -0.122498 0.88144 1.83975 0.943289 0.298021 -0.146251 -0.132564 0.896706 1.92692
0.984236 0.145978 -0.0998541 -0.121224 0.91384 1.90357 0.927176 0.355988 -0.116696 -0.128804 0.90001 1.9135
0.975157 0.19035 -0.113293 -0.127306 0.932822 1.92754 0.913579 0.396874 -0.0886776 -0.125231 0.904529 1.89499
0.999653 0.0182987 -0.0189536 -0.117329 0.925378 1.87977 0.903709 0.423593 -0.0622804 -0.121829 0.909848 1.87248
0.98958 -0.138852 0.0380953 -0.123413 0.94569 1.9309 0.897966 0.438467 -0.0374746 -0.118583 0.915554 1.84707
0.99761 -0.0608209 0.0327827 -0.103576 0.92713 1.8475 0.896267 0.443287 -0.0142305 -0.115475 0.921234 1.81985
0.998604 -0.0489292 0.0198747 -0.101213 0.945292 1.86652 0.898229 0.439465 0.00741778 -0.112489 0.926474 1.7919
0.914686 0.404036 0.0102186 -0.0937505 0.934212 1.75048 0.903268 0.428205 0.0273375 -0.109608 0.930861 1.76432
0.894732 0.444516 0.0431309 -0.082354 0.936489 1.71422 0.910652 0.410685 0.0452813 -0.106816 0.933981 1.73819
0.879227 0.474845 0.0385087 -0.0838836 0.940695 1.69448 0.919559 0.388205 0.0608888 -0.104097 0.935424 1.71461
0.808092 0.586418 0.0556894 -0.0950526 0.921525 1.65881 0.929269 0.361966 0.0737622 -0.101491 0.935029 1.69411
0.738976 0.67272 0.0369024 -0.120425 0.906483 1.61017 0.939303 0.332753 0.0835823 -0.0991324 0.933055 1.67633
0.673535 0.739079 0.0106394 -0.132137 0.920238 1.67461 0.949247 0.301354 0.0900865 -0.0971643 0.929799 1.66082
0.648994 0.759829 -0.0382967 -0.12977 0.917502 1.69718 0.958752 0.268575 0.0930684 -0.0957295 0.925562 1.64713
0.956982 0.275326 0.091543 -0.114641 0.910768 1.65868 0.967544 0.235213 0.0923756 -0.0949711 0.92064 1.6348
0.994169 0.00500841 0.10772 -0.0992702 0.905273 1.63023 0.975428 0.202025 0.087902 -0.0950322 0.915334 1.62338
0.972618 -0.188788 0.135548 -0.0946453 0.900783 1.6044 0.982276 0.169711 0.0795737 -0.0960558 0.909941 1.61243
0.96274 -0.239702 0.125195 -0.0931547 0.90184 1.57895 0.988015 0.138899 0.0673323 -0.098185 0.904761 1.60148
0.98707 -0.149152 0.0587038 -0.0917693 0.905036 1.58067 0.992601 0.110142 0.0511151 -0.101563 0.900091 1.5901
0.956123 0.292935 0.0042295 -0.121166 0.903316 1.55805 0.995993 0.0839286 0.0308805 -0.106318 0.896213 1.57784
0.994026 0.109017 -0.00521187 -0.10848 0.901123 1.54931 0.99812 0.0608585 0.00722525 -0.112375 0.893153 1.56459
0.982415 0.170828 -0.0753538 -0.112239 0.912408 1.6045 0.998956 0.0416736 -0.0187213 -0.119501 0.890743 1.55049
0.991112 0.0895729 -0.0983551 -0.11677 0.899652 1.56291 0.998583 0.0271462 -0.0457669 -0.12746 0.888811 1.53565
0.994737 -0.0833711 -0.0595567 -0.119217 0.89167 1.5187 0.997192 0.0180434 -0.0726818 -0.136017 0.887185 1.52021
0.993801 -0.0832724 -0.0736572 -0.134509 0.888308 1.4997 0.99505 0.0150958 -0.0982192 -0.144936 0.885691 1.5043
0.983327 -0.172667 -0.0570389 -0.135981 0.887171 1.49211 0.992454 0.018968 -0.121138 -0.153981 0.884158 1.48805
0.986245 -0.146619 -0.0763129 -0.142796 0.874346 1.43217 0.989659 0.0302285 -0.140221 -0.162916 0.882414 1.47159
0.990118 -0.0577554 -0.127794 -0.164175 0.879645 1.44912 0.986793 0.0493119 -0.154299 -0.171506 0.880285 1.45504
0.982039 0.0795254 -0.171102 -0.1796 0.881528 1.46103 0.983779 0.0764677 -0.162269 -0.179514 0.8776 1.43855
0.961302 0.199807 -0.189673 -0.200732 0.871323 1.41534 0.98025 0.11135 -0.163433 -0.186724 0.874236 1.42224
0.949885 0.250937 -0.186414 -0.209603 0.864633 1.39181 0.975598 0.151665 -0.158762 -0.193018 0.870333 1.40625
0.946632 0.277949 -0.163192 -0.213446 0.855942 1.37272 0.969358 0.194718 -0.149767 -0.198311 0.866115 1.39073
0.95895 0.252864 -0.128353 -0.211461 0.854172 1.3754 0.96138 0.238183 -0.137908 -0.202518 0.861809 1.37584
0.904605 0.399757 -0.147933 -0.226991 0.86119 1.39624 0.951833 0.280192 -0.124529 -0.205554 0.857639 1.3617
0.909152 0.397425 -0.12448 -0.219142 0.854327 1.36679 0.941133 0.319358 -0.110811 -0.207334 0.853831 1.34848
0.90608 0.409575 -0.106153 -0.21119 0.848089 1.3409 0.929844 0.354731 -0.0977535 -0.207772 0.85061 1.33632
0.912587 0.399321 -0.0879078 -0.20423 0.842959 1.31291 0.918588 0.385703 -0.0861957 -0.206785 0.848202 1.32536
0.917456 0.390916 -0.0738916 -0.200185 0.840258 1.29436 0.907985 0.411892 -0.0768649 -0.204286 0.846832 1.31575
0.896394 0.437932 -0.0685057 -0.200675 0.851141 1.33064 0.898625 0.433024 -0.0704483 -0.200192 0.846724 1.30764
0.867222 0.492751 -0.0715757 -0.200254 0.853661 1.32666 0.890844 0.449313 -0.0671978 -0.194608 0.847927 1.30097
0.918772 0.393101 -0.0364635 -0.181972 0.849479 1.27686 0.884456 0.461869 -0.0664458 -0.188049 0.85011 1.29526
0.920928 0.389041 -0.0232294 -0.174278 0.858459 1.29295 0.879179 0.471685 -0.0675078 -0.18108 0.852892 1.28995
0.936808 0.347775 -0.0379957 -0.153075 0.858337 1.25925 0.874712 0.479597 -0.0697484 -0.17427 0.855893 1.28451
0.886312 0.457496 -0.0717467 -0.151408 0.864644 1.2734 0.87074 0.486367 -0.0725226 -0.168186 0.858732 1.27839
0.889586 0.447366 -0.0921989 -0.145422 0.862171 1.233 0.866929 0.492737 -0.0751307 -0.163394 0.861029 1.27105
0.886001 0.452941 -0.0992268 -0.146018 0.872085 1.27121 0.862932 0.499452 -0.0767899 -0.160462 0.862402 1.26194
0.931744 0.353709 -0.0821166 -0.139134 0.875483 1.25874 0.858381 0.507258 -0.0766259 -0.159956 0.862472 1.25052
0.820803 0.563666 -0.0925309 -0.179566 0.858516 1.24404 0.85289 0.516863 -0.0736949 -0.162444 0.860859 1.23625
0.71448 0.694653 -0.0835258 -0.206651 0.84891 1.27037 0.846088 0.528804 -0.0670965 -0.168454 0.857207 1.21861
0.749012 0.660806 -0.0481318 -0.209349 0.836326 1.20991 0.838263 0.542264 -0.0571317 -0.177647 0.851725 1.19789
0.786086 0.616605 -0.0432042 -0.206111 0.833633 1.16176 0.830417 0.555303 -0.0452338 -0.188858 0.845161 1.17512
0.834654 0.550553 -0.0156084 -0.204309 0.832301 1.13269 0.823665 0.566126 -0.0328225 -0.200886 0.838286 1.15136
0.846822 0.531787 -0.00979799 -0.203104 0.830525 1.11266 0.819175 0.573152 -0.0211996 -0.212533 0.831869 1.12768
0.845456 0.533956 -0.00973258 -0.210613 0.829801 1.09432 0.818131 0.574916 -0.0115524 -0.222597 0.826683 1.10514
0.84208 0.539305 -0.00714673 -0.219955 0.828197 1.07857 0.821737 0.569845 -0.00501973 -0.229879 0.823496 1.08481
0.868122 0.496349 0.000790047 -0.224775 0.832086 1.07549 0.83122 0.555937 -0.00281695 -0.233178 0.82308 1.06775
0.888383 0.459102 -0.00129517 -0.224922 0.834287 1.07279 0.847812 0.530258 -0.00642346 -0.231296 0.826205 1.05502
0.865674 0.498275 -0.0482799 -0.22324 0.835271 1.06783 0.87257 0.488164 -0.0178464 -0.22303 0.83364 1.0477
0.936265 0.348986 -0.0402046 -0.208029 0.841731 1.01777 0.905329 0.422865 -0.0395532 -0.209077 0.845205 1.04577
0.90598 0.416341 -0.0765551 -0.217018 0.846709 1.04755 0.941138 0.330298 -0.0718494 -0.203334 0.854074 1.04184
0.936716 0.342474 -0.0726267 -0.221686 0.852653 1.02451 0.970991 0.210852 -0.112774 -0.225327 0.850593 1.02536
